222 28 
28 538 
538 222 
302 583 
583 257 
257 302 
538 654 
654 512 
512 538 
822 538 
28 822 
654 750 
750 512 
139 723 
723 209 
209 139 
28 139 
139 822 
129 822 
139 129 
601 209 
723 601 
157 719 
719 583 
583 157 
800 222 
538 800 
512 800 
97 114 
114 868 
868 97 
302 840 
840 583 
719 257 
714 257 
719 714 
139 434 
434 129 
157 129 
129 719 
434 719 
421 257 
257 289 
289 421 
421 302 
800 528 
528 222 
945 528 
800 945 
390 23 
23 945 
945 390 
512 390 
390 800 
750 860 
860 969 
969 750 
860 103 
103 969 
143 842 
842 862 
862 143 
601 756 
756 209 
62 842 
842 357 
357 62 
209 434 
143 601 
601 758 
758 143 
6 209 
756 6 
723 758 
302 868 
114 302 
47 868 
868 421 
421 47 
714 289 
750 1 
1 860 
840 860 
1 840 
654 1 
114 840 
237 97 
97 66 
66 237 
860 604 
604 103 
604 114 
114 237 
237 604 
604 840 
443 103 
604 443 
967 443 
443 237 
237 967 
77 429 
429 390 
390 77 
608 714 
714 6 
6 608 
6 434 
434 714 
421 844 
844 47 
528 481 
481 312 
312 528 
862 601 
28 723 
420 62 
357 420 
143 357 
758 453 
453 143 
413 98 
98 111 
111 413 
521 111 
98 521 
17 142 
142 345 
345 17 
429 23 
512 77 
345 77 
77 969 
969 345 
345 429 
750 77 
62 14 
14 842 
731 312 
481 731 
731 495 
495 312 
721 28 
222 721 
222 445 
445 721 
528 445 
312 445 
797 73 
73 966 
966 797 
127 482 
482 692 
692 127 
759 97 
868 759 
759 910 
910 97 
131 508 
508 759 
759 131 
885 508 
508 48 
48 885 
47 759 
156 131 
131 387 
387 156 
508 910 
443 521 
521 103 
925 521 
443 925 
98 80 
80 521 
80 103 
80 969 
345 80 
80 17 
413 962 
962 280 
280 413 
962 938 
938 356 
356 962 
111 564 
564 413 
962 207 
207 938 
67 280 
962 67 
280 98 
280 17 
17 98 
66 910 
910 441 
441 66 
885 394 
394 508 
14 683 
683 842 
176 525 
525 14 
14 176 
666 176 
176 482 
482 666 
829 608 
608 547 
547 829 
475 608 
6 475 
731 946 
946 495 
481 945 
945 415 
415 481 
481 45 
45 731 
415 45 
23 415 
578 45 
415 578 
711 491 
491 569 
569 711 
737 170 
170 700 
700 737 
59 253 
253 449 
449 59 
960 250 
250 169 
169 960 
312 584 
584 445 
548 584 
584 495 
495 548 
721 723 
721 758 
721 287 
287 758 
445 287 
495 200 
200 548 
287 584 
584 513 
513 287 
996 976 
976 341 
341 996 
735 864 
864 315 
315 735 
319 716 
716 100 
100 319 
341 770 
770 996 
170 319 
319 770 
770 170 
113 871 
871 797 
797 113 
692 420 
420 871 
871 692 
339 871 
871 809 
809 339 
420 797 
420 73 
131 48 
967 925 
66 967 
967 697 
697 925 
172 17 
280 172 
707 429 
429 142 
142 707 
589 207 
207 564 
564 589 
760 707 
707 27 
27 760 
142 27 
142 172 
172 27 
413 207 
356 67 
248 938 
938 595 
595 248 
412 66 
441 412 
910 394 
394 441 
636 72 
72 897 
897 636 
67 172 
67 279 
279 655 
655 67 
683 862 
683 574 
574 862 
862 756 
756 475 
62 482 
482 14 
692 62 
530 666 
666 127 
127 530 
829 289 
289 608 
566 23 
23 707 
707 566 
566 415 
256 566 
566 760 
760 256 
256 578 
578 566 
200 449 
253 200 
946 250 
250 495 
634 613 
613 960 
960 634 
73 357 
357 453 
453 73 
513 453 
453 287 
513 73 
224 946 
731 224 
752 224 
224 130 
130 752 
522 317 
317 410 
410 522 
313 64 
64 875 
875 313 
882 542 
542 313 
313 882 
313 43 
43 882 
875 317 
317 861 
861 875 
861 313 
309 176 
176 465 
465 309 
52 530 
530 460 
460 52 
299 992 
992 307 
307 299 
780 488 
488 576 
576 780 
754 488 
488 308 
308 754 
319 371 
371 716 
170 371 
923 13 
13 826 
826 923 
569 341 
341 745 
745 569 
100 996 
996 319 
864 743 
743 716 
716 864 
315 716 
371 315 
931 418 
418 100 
100 931 
323 976 
976 418 
418 323 
797 253 
253 113 
71 113 
113 59 
59 71 
548 966 
966 513 
513 548 
253 966 
966 200 
168 613 
634 168 
59 711 
711 71 
613 59 
449 613 
624 857 
857 921 
921 624 
950 921 
921 906 
906 950 
739 624 
624 204 
204 739 
204 921 
921 549 
549 204 
704 405 
405 314 
314 704 
221 769 
769 636 
636 221 
885 897 
897 394 
274 885 
48 274 
72 394 
207 718 
718 938 
718 595 
718 891 
891 595 
697 412 
412 949 
949 697 
72 10 
10 441 
441 72 
967 412 
423 564 
111 423 
612 623 
623 423 
423 612 
589 718 
786 216 
216 70 
70 786 
786 281 
281 216 
279 7 
7 655 
172 655 
655 27 
639 760 
27 639 
289 844 
829 844 
525 683 
525 283 
283 683 
574 756 
574 475 
283 574 
578 335 
335 130 
130 578 
573 84 
84 335 
335 573 
84 130 
332 256 
760 332 
256 335 
187 882 
882 545 
545 187 
711 168 
168 491 
711 613 
881 700 
700 168 
168 881 
200 250 
250 449 
960 449 
946 169 
187 542 
875 803 
803 317 
84 803 
875 84 
64 84 
573 803 
110 189 
189 551 
551 110 
219 110 
110 658 
658 219 
410 284 
284 522 
522 792 
792 317 
580 565 
565 397 
397 580 
396 503 
503 79 
79 396 
465 52 
52 585 
585 465 
52 666 
32 460 
460 239 
239 32 
307 524 
524 5 
5 307 
460 358 
358 52 
358 585 
239 299 
307 239 
691 576 
576 323 
323 691 
780 691 
691 798 
798 780 
418 691 
869 828 
828 867 
867 869 
247 246 
246 161 
161 247 
826 658 
658 923 
737 788 
788 826 
826 737 
86 923 
658 86 
13 651 
651 735 
735 13 
371 13 
13 315 
788 658 
371 826 
93 510 
510 34 
34 93 
780 20 
20 488 
961 798 
798 510 
510 961 
961 780 
931 34 
34 798 
798 931 
418 996 
590 214 
214 745 
745 590 
100 34 
323 590 
590 976 
590 299 
299 214 
127 79 
79 530 
127 339 
339 79 
692 339 
79 598 
598 396 
396 239 
239 503 
745 561 
561 569 
214 561 
323 992 
992 590 
745 976 
569 71 
561 71 
491 341 
491 770 
561 809 
809 71 
339 598 
809 113 
809 598 
314 857 
857 911 
911 314 
628 906 
906 485 
485 628 
405 857 
336 927 
927 852 
852 336 
314 927 
927 704 
704 904 
904 405 
336 704 
353 628 
485 353 
549 950 
950 785 
785 549 
405 906 
906 857 
10 883 
883 949 
949 10 
10 769 
769 883 
579 653 
653 725 
725 579 
505 471 
471 54 
54 505 
841 891 
891 661 
661 841 
612 796 
796 623 
796 346 
346 623 
796 8 
8 346 
804 346 
346 155 
155 804 
99 24 
24 660 
660 99 
316 676 
676 384 
384 316 
162 424 
424 248 
248 162 
316 424 
424 676 
925 111 
564 623 
623 589 
423 697 
697 612 
423 925 
384 816 
816 70 
70 384 
384 978 
978 316 
978 216 
216 231 
231 978 
70 978 
999 844 
829 999 
829 365 
365 999 
575 574 
283 575 
575 547 
547 475 
475 575 
301 573 
335 301 
332 301 
301 256 
110 86 
43 219 
219 882 
219 788 
788 545 
545 219 
64 542 
542 752 
752 64 
64 130 
169 542 
187 169 
881 634 
634 545 
545 881 
960 187 
187 634 
169 752 
641 522 
284 641 
803 410 
573 410 
104 417 
417 984 
984 104 
381 455 
455 343 
343 381 
773 326 
326 641 
641 773 
522 702 
702 792 
641 702 
702 856 
856 792 
749 792 
856 749 
684 154 
154 893 
893 684 
725 462 
462 934 
934 725 
611 934 
934 457 
457 611 
476 305 
305 732 
732 476 
904 485 
485 405 
597 353 
353 615 
615 597 
503 530 
396 299 
488 524 
524 576 
992 576 
524 992 
598 214 
214 396 
12 575 
575 438 
438 12 
12 547 
931 691 
598 561 
276 370 
370 497 
497 276 
76 425 
425 924 
924 76 
516 614 
614 736 
736 516 
370 337 
337 828 
828 370 
869 496 
496 82 
82 869 
867 496 
519 247 
161 519 
551 86 
974 551 
189 974 
551 444 
444 86 
551 320 
320 444 
651 923 
923 234 
234 651 
161 320 
320 519 
444 923 
444 161 
161 234 
234 444 
354 629 
629 454 
454 354 
919 828 
337 919 
924 919 
337 924 
869 217 
217 828 
217 370 
110 43 
43 189 
861 189 
43 861 
994 404 
404 645 
645 994 
890 994 
994 620 
620 890 
586 651 
651 404 
404 586 
890 586 
586 994 
671 338 
338 890 
890 671 
234 246 
246 404 
404 234 
737 371 
425 377 
377 439 
439 425 
308 644 
644 754 
416 93 
93 743 
743 416 
961 20 
953 510 
93 953 
348 665 
665 801 
801 348 
763 911 
911 624 
624 763 
739 763 
544 448 
448 489 
489 544 
785 167 
167 611 
611 785 
167 934 
167 950 
950 628 
628 167 
643 397 
565 643 
722 397 
397 88 
88 722 
722 580 
402 580 
722 402 
61 228 
228 533 
533 61 
88 192 
192 785 
785 88 
549 192 
192 948 
948 549 
228 948 
192 228 
948 204 
852 406 
406 621 
621 852 
587 621 
406 587 
599 95 
95 364 
364 599 
801 230 
230 348 
364 406 
406 230 
230 364 
215 709 
709 587 
587 215 
929 975 
975 188 
188 929 
198 455 
455 527 
527 198 
275 527 
527 175 
175 275 
587 380 
380 621 
325 928 
928 801 
801 325 
95 50 
50 825 
825 95 
646 8 
8 293 
293 646 
72 769 
366 941 
941 501 
501 366 
610 422 
422 900 
900 610 
970 941 
941 422 
422 970 
776 653 
653 836 
836 776 
652 846 
846 843 
843 652 
55 54 
54 901 
901 55 
814 588 
588 718 
718 814 
471 661 
661 670 
670 471 
588 901 
901 670 
670 588 
343 198 
198 36 
36 343 
883 796 
796 949 
883 8 
10 412 
612 949 
155 8 
646 155 
883 293 
174 241 
241 367 
367 174 
794 676 
676 162 
162 794 
162 342 
342 794 
252 175 
175 24 
24 252 
30 24 
24 527 
527 30 
891 670 
637 816 
816 74 
74 637 
676 74 
74 384 
807 342 
162 807 
279 424 
316 279 
316 7 
978 7 
231 7 
639 7 
231 639 
639 655 
156 48 
4 48 
156 4 
47 131 
47 387 
639 332 
231 332 
700 491 
700 770 
788 881 
881 737 
45 224 
752 946 
130 45 
281 284 
284 254 
254 281 
410 254 
301 254 
254 573 
489 820 
820 544 
173 933 
933 194 
194 173 
605 138 
138 706 
706 605 
398 138 
138 391 
391 398 
839 951 
951 104 
104 839 
480 789 
789 622 
622 480 
622 417 
417 480 
480 194 
194 789 
933 789 
908 236 
236 31 
31 908 
236 26 
26 208 
208 236 
556 152 
152 998 
998 556 
330 908 
908 872 
872 330 
330 622 
789 330 
166 261 
261 872 
872 166 
641 865 
865 773 
284 865 
786 865 
865 281 
189 183 
183 974 
183 792 
749 183 
183 317 
749 974 
183 861 
749 517 
517 974 
354 304 
304 629 
454 186 
186 893 
893 454 
70 235 
235 786 
816 235 
504 9 
9 879 
879 504 
296 554 
554 531 
531 296 
531 310 
310 833 
833 531 
673 956 
956 60 
60 673 
664 991 
991 374 
374 664 
9 374 
374 833 
833 9 
9 408 
408 374 
956 408 
408 128 
128 956 
440 873 
873 795 
795 440 
956 136 
136 408 
740 514 
514 995 
995 740 
972 359 
359 764 
764 972 
734 993 
993 727 
727 734 
988 819 
819 487 
487 988 
376 955 
955 478 
478 376 
859 515 
515 957 
957 859 
609 732 
305 609 
565 305 
305 643 
565 609 
859 732 
732 515 
609 515 
353 171 
171 628 
167 171 
171 934 
728 900 
900 494 
494 728 
728 997 
997 199 
199 728 
579 199 
199 653 
494 997 
485 615 
42 597 
597 657 
657 42 
609 259 
259 515 
11 609 
565 11 
503 460 
327 507 
507 626 
626 327 
307 32 
699 438 
438 283 
283 699 
147 671 
671 497 
497 147 
147 271 
271 671 
890 989 
989 586 
271 338 
616 271 
271 361 
361 616 
497 217 
217 147 
616 953 
953 56 
56 616 
416 56 
56 93 
736 337 
370 736 
919 867 
439 919 
919 425 
425 65 
65 377 
920 363 
363 76 
76 920 
288 65 
65 363 
363 288 
65 76 
558 924 
924 614 
614 558 
76 558 
558 920 
986 247 
247 340 
340 986 
629 519 
519 517 
517 629 
378 849 
849 986 
986 378 
304 519 
304 247 
304 340 
63 340 
340 724 
724 63 
246 986 
986 645 
645 246 
243 620 
994 243 
620 497 
671 620 
378 297 
297 262 
262 378 
134 243 
243 849 
849 134 
37 902 
902 306 
306 37 
724 304 
354 724 
629 186 
632 354 
454 632 
454 154 
154 632 
493 632 
154 493 
586 735 
338 416 
416 989 
989 338 
989 864 
735 989 
864 416 
867 808 
808 496 
82 361 
361 147 
147 82 
82 217 
60 128 
128 563 
563 60 
431 377 
65 431 
439 867 
9 128 
878 873 
873 673 
673 878 
673 58 
58 956 
833 991 
991 531 
942 135 
135 559 
559 942 
563 808 
808 439 
439 563 
808 351 
351 496 
128 504 
504 563 
808 504 
504 351 
338 56 
271 56 
435 1000 
1000 616 
616 435 
34 743 
20 308 
406 348 
928 230 
717 665 
348 717 
665 627 
627 801 
693 820 
489 693 
717 693 
693 665 
984 120 
120 104 
233 35 
35 739 
739 233 
717 820 
448 674 
674 775 
775 448 
820 314 
314 544 
763 674 
674 911 
674 544 
544 911 
820 927 
717 927 
233 821 
821 35 
570 35 
821 570 
739 695 
695 763 
204 233 
228 333 
333 948 
61 179 
179 228 
582 179 
179 112 
112 582 
190 468 
468 476 
476 190 
643 533 
533 397 
305 468 
468 643 
533 88 
611 88 
533 192 
621 336 
615 657 
904 336 
336 680 
680 904 
717 852 
348 852 
364 587 
761 929 
929 888 
888 761 
469 208 
26 469 
381 208 
469 381 
447 78 
78 275 
275 447 
364 215 
599 50 
825 980 
980 95 
646 917 
917 470 
470 646 
769 293 
274 897 
529 499 
499 973 
973 529 
91 290 
290 355 
355 91 
40 18 
18 463 
463 40 
380 372 
372 657 
657 380 
917 159 
159 846 
846 917 
300 159 
917 300 
367 667 
667 483 
483 367 
930 625 
625 174 
174 930 
709 380 
372 42 
466 92 
92 965 
965 466 
265 220 
220 824 
824 265 
679 68 
68 291 
291 679 
263 686 
686 223 
223 263 
223 68 
68 263 
588 804 
804 901 
814 623 
346 814 
814 804 
588 891 
814 589 
54 670 
54 618 
618 505 
55 618 
901 502 
502 55 
877 432 
432 69 
69 877 
471 347 
347 661 
175 347 
347 275 
505 447 
447 471 
447 944 
944 78 
447 347 
944 461 
461 78 
535 663 
663 771 
771 535 
324 479 
479 806 
806 324 
932 473 
473 479 
479 932 
660 855 
855 227 
227 660 
858 324 
324 427 
427 858 
855 427 
324 855 
479 858 
858 932 
15 858 
858 360 
360 15 
15 932 
94 175 
252 94 
660 677 
677 99 
99 252 
534 660 
24 534 
794 74 
94 347 
99 342 
342 252 
355 156 
156 813 
813 355 
813 387 
387 999 
999 813 
387 844 
813 779 
779 91 
91 813 
365 779 
779 999 
688 365 
365 12 
12 688 
547 365 
210 332 
231 210 
210 301 
210 254 
216 210 
281 210 
489 847 
847 839 
839 489 
229 847 
847 448 
448 229 
104 581 
581 417 
681 44 
44 229 
229 681 
446 194 
194 124 
124 446 
106 124 
124 480 
480 106 
124 659 
659 765 
765 124 
765 15 
360 765 
659 391 
391 201 
201 659 
659 106 
106 391 
675 765 
659 675 
201 675 
138 201 
775 229 
581 106 
106 417 
581 391 
789 908 
152 31 
236 152 
31 872 
933 908 
236 933 
933 26 
51 427 
427 668 
668 51 
928 599 
599 230 
120 627 
665 120 
749 186 
186 517 
320 517 
856 186 
974 320 
856 893 
893 277 
277 684 
968 856 
702 968 
968 893 
968 277 
29 235 
235 382 
382 29 
865 29 
29 773 
450 773 
29 450 
880 450 
450 382 
382 880 
786 29 
227 806 
806 637 
637 227 
375 382 
235 375 
816 375 
637 375 
408 362 
362 374 
362 664 
594 136 
136 58 
58 594 
362 136 
136 866 
866 362 
775 995 
514 775 
748 600 
600 734 
734 748 
306 727 
993 306 
892 498 
498 160 
160 892 
498 373 
373 197 
197 498 
498 306 
306 373 
993 373 
740 715 
715 514 
706 681 
681 399 
399 706 
764 399 
399 715 
715 764 
388 799 
799 690 
690 388 
799 734 
734 845 
845 799 
918 182 
182 819 
819 918 
918 269 
269 182 
487 764 
764 988 
182 487 
399 605 
487 399 
932 285 
285 473 
473 742 
742 880 
880 473 
915 631 
631 684 
684 915 
359 955 
955 988 
988 359 
988 376 
376 819 
46 568 
568 955 
955 46 
359 46 
954 955 
568 954 
478 388 
388 705 
705 478 
799 748 
388 748 
478 954 
954 388 
294 982 
982 940 
940 294 
725 776 
776 462 
940 462 
776 940 
982 402 
402 457 
457 982 
722 457 
611 722 
462 457 
462 982 
53 805 
805 635 
635 53 
440 53 
53 873 
53 594 
58 53 
58 873 
440 805 
211 96 
96 440 
440 211 
859 635 
635 543 
543 859 
957 635 
859 16 
16 732 
543 16 
805 543 
543 90 
90 16 
112 165 
165 582 
353 579 
579 171 
597 199 
579 597 
725 171 
11 914 
914 741 
741 11 
402 914 
914 580 
793 264 
264 292 
292 793 
292 311 
311 793 
580 11 
982 311 
311 402 
311 914 
669 793 
793 294 
294 669 
452 895 
895 202 
202 452 
181 679 
679 633 
633 181 
181 263 
263 679 
181 648 
648 263 
32 626 
507 32 
298 327 
626 298 
585 913 
913 465 
225 626 
626 5 
5 225 
369 459 
459 327 
327 369 
309 525 
465 666 
848 926 
926 753 
753 848 
100 743 
795 272 
272 211 
211 795 
197 160 
337 614 
614 892 
892 558 
368 523 
523 197 
197 368 
645 849 
243 645 
815 892 
892 516 
516 815 
516 262 
262 815 
134 262 
516 134 
849 262 
727 845 
203 902 
902 63 
63 203 
845 203 
203 602 
602 845 
727 902 
203 727 
63 378 
378 340 
724 203 
902 297 
297 63 
493 3 
3 632 
354 602 
602 724 
632 602 
361 232 
232 435 
435 361 
435 987 
987 552 
552 435 
833 879 
563 377 
377 60 
572 560 
560 961 
961 572 
953 572 
572 510 
1000 953 
232 82 
496 232 
622 984 
31 166 
386 330 
330 325 
325 386 
570 258 
258 35 
35 695 
995 850 
850 740 
850 258 
570 850 
649 740 
850 649 
995 258 
273 834 
834 600 
600 273 
600 993 
748 81 
81 600 
46 295 
295 568 
81 954 
568 81 
568 767 
767 81 
380 680 
680 621 
904 615 
615 680 
680 657 
689 975 
975 638 
638 689 
541 556 
556 851 
851 541 
208 152 
556 31 
208 518 
518 152 
928 730 
730 599 
783 92 
92 784 
784 783 
461 36 
36 78 
275 198 
78 198 
618 432 
432 505 
505 944 
215 95 
980 215 
293 22 
22 646 
667 846 
159 667 
472 300 
300 221 
221 472 
22 300 
917 22 
897 499 
499 149 
149 897 
499 274 
274 18 
18 499 
274 4 
4 18 
529 149 
18 973 
68 40 
40 291 
973 40 
68 973 
290 282 
282 463 
463 290 
303 42 
372 303 
437 372 
372 709 
709 437 
591 685 
685 474 
474 591 
21 648 
181 21 
328 686 
686 268 
268 328 
492 979 
979 118 
118 492 
492 965 
965 979 
174 409 
409 930 
930 535 
535 625 
174 630 
630 409 
367 39 
39 174 
909 791 
791 409 
409 909 
663 791 
791 593 
593 663 
158 593 
593 726 
726 158 
685 610 
610 437 
437 685 
303 437 
610 303 
451 983 
983 466 
466 451 
618 69 
432 944 
912 944 
432 912 
2 912 
912 771 
771 2 
784 726 
593 784 
188 461 
461 2 
2 188 
535 877 
877 830 
830 535 
85 2 
2 158 
158 85 
830 625 
667 843 
930 663 
69 212 
212 830 
830 69 
241 667 
241 843 
877 912 
804 502 
155 502 
212 55 
55 652 
652 212 
212 618 
843 212 
930 791 
593 783 
241 830 
830 843 
145 818 
818 983 
983 145 
534 855 
668 855 
534 668 
823 668 
668 532 
532 823 
74 677 
677 637 
794 677 
99 794 
227 324 
227 677 
806 375 
15 762 
762 932 
285 742 
675 15 
675 762 
577 746 
746 762 
762 577 
762 285 
94 661 
342 94 
807 94 
355 463 
463 4 
4 355 
937 249 
249 647 
647 937 
779 662 
662 91 
438 848 
848 12 
848 688 
693 120 
847 951 
839 693 
386 622 
398 706 
138 733 
733 201 
605 733 
487 605 
182 605 
182 733 
269 577 
577 733 
733 269 
746 285 
675 577 
201 577 
44 398 
398 951 
951 44 
581 398 
847 44 
44 706 
581 951 
469 455 
532 469 
469 823 
455 30 
26 823 
173 51 
51 823 
823 173 
26 173 
446 173 
427 360 
51 360 
360 446 
446 765 
51 446 
627 325 
839 120 
386 984 
627 984 
386 627 
330 261 
261 325 
509 880 
742 509 
509 450 
766 450 
509 766 
995 695 
695 258 
775 695 
695 674 
681 715 
681 514 
514 229 
740 972 
972 715 
649 972 
389 395 
395 918 
918 389 
490 918 
819 490 
746 687 
687 285 
687 742 
690 705 
954 748 
490 389 
376 490 
376 705 
705 490 
594 635 
635 126 
126 594 
126 957 
957 802 
802 126 
594 866 
16 476 
133 476 
16 133 
96 90 
543 96 
90 133 
96 832 
832 90 
25 774 
774 331 
331 25 
292 914 
202 107 
107 452 
119 349 
349 226 
226 119 
226 75 
75 57 
57 226 
118 146 
146 492 
546 633 
679 546 
321 633 
546 321 
291 546 
358 327 
459 358 
358 507 
507 460 
926 438 
699 926 
525 699 
309 699 
913 550 
550 108 
108 913 
795 878 
878 288 
288 795 
272 288 
288 116 
116 272 
878 65 
523 920 
920 160 
160 523 
558 160 
363 116 
368 116 
116 523 
498 37 
37 297 
815 297 
37 815 
892 37 
276 736 
243 276 
276 620 
276 134 
134 736 
3 602 
845 3 
3 799 
3 690 
351 879 
879 458 
458 351 
232 720 
720 987 
987 232 
496 720 
351 720 
60 431 
431 673 
431 878 
552 1000 
458 720 
619 987 
987 458 
458 619 
135 554 
296 135 
879 310 
310 458 
554 619 
619 310 
310 554 
559 464 
464 942 
464 1000 
552 464 
1000 572 
125 642 
642 322 
322 125 
738 570 
570 778 
778 738 
821 778 
738 850 
738 649 
233 333 
333 821 
870 165 
112 870 
778 582 
165 778 
778 151 
151 738 
993 834 
834 373 
834 115 
115 963 
963 834 
963 373 
963 368 
197 963 
592 963 
115 592 
273 115 
273 81 
767 273 
61 468 
468 178 
178 61 
61 643 
178 179 
190 178 
188 36 
975 36 
689 518 
518 381 
381 689 
343 975 
689 343 
532 455 
899 541 
541 242 
242 899 
889 656 
656 898 
898 889 
541 166 
166 556 
656 541 
851 656 
638 761 
761 998 
998 638 
261 928 
166 730 
730 261 
912 461 
85 726 
726 888 
888 85 
158 663 
85 188 
771 158 
790 888 
726 790 
909 783 
783 791 
656 242 
557 145 
145 591 
591 557 
825 557 
557 980 
685 824 
220 685 
474 437 
709 474 
824 591 
145 824 
215 474 
474 980 
980 591 
553 240 
240 472 
472 553 
769 22 
223 973 
529 472 
472 149 
282 291 
40 282 
303 728 
728 42 
997 653 
196 494 
494 941 
941 196 
900 303 
199 42 
159 483 
625 241 
979 213 
213 118 
39 630 
466 818 
818 92 
492 466 
818 318 
318 92 
898 318 
318 567 
567 898 
265 153 
153 220 
145 567 
567 818 
318 784 
771 877 
470 155 
502 652 
470 652 
502 470 
470 846 
909 965 
965 783 
909 979 
909 193 
193 979 
248 356 
356 279 
356 424 
248 807 
841 94 
807 841 
841 595 
595 807 
534 532 
30 532 
534 30 
326 766 
766 277 
277 326 
766 773 
968 326 
702 326 
772 277 
766 772 
684 772 
772 915 
144 772 
772 509 
509 144 
382 102 
102 880 
375 102 
806 102 
102 473 
479 102 
151 713 
713 738 
713 295 
295 122 
122 713 
83 295 
713 83 
46 122 
122 359 
972 122 
713 649 
395 269 
617 389 
490 617 
742 144 
687 144 
874 915 
915 144 
144 874 
368 195 
195 116 
255 272 
272 195 
195 255 
523 363 
419 190 
190 25 
25 419 
133 190 
133 25 
90 38 
38 133 
832 38 
96 805 
255 832 
832 211 
211 255 
25 38 
38 774 
334 331 
774 334 
294 311 
400 669 
294 400 
939 501 
501 970 
970 939 
811 107 
202 811 
511 811 
811 430 
430 511 
202 251 
251 811 
863 344 
344 571 
571 863 
971 537 
537 782 
782 971 
267 863 
863 971 
971 267 
571 537 
971 571 
539 202 
895 539 
895 344 
344 539 
863 539 
753 647 
647 137 
137 753 
137 520 
520 650 
650 137 
349 75 
650 894 
894 119 
119 650 
49 185 
185 87 
87 49 
185 245 
245 87 
105 75 
75 101 
101 105 
430 101 
75 430 
526 118 
118 876 
876 526 
268 648 
648 887 
887 268 
708 747 
747 633 
633 708 
520 647 
249 520 
385 249 
249 244 
244 385 
459 585 
937 550 
550 827 
827 937 
827 459 
369 827 
369 884 
884 827 
467 108 
550 467 
309 108 
108 699 
585 550 
459 550 
309 913 
926 108 
467 926 
619 552 
464 572 
619 942 
942 552 
464 560 
140 644 
308 140 
560 123 
123 20 
20 560 
531 854 
854 296 
184 854 
854 682 
682 184 
682 991 
664 682 
180 539 
863 180 
180 251 
251 539 
150 811 
251 150 
180 757 
757 251 
109 89 
89 238 
238 109 
11 259 
741 125 
125 259 
259 741 
322 957 
515 322 
259 322 
362 562 
562 664 
126 866 
484 148 
148 812 
812 484 
148 642 
642 812 
122 649 
407 151 
151 165 
165 407 
83 151 
151 426 
426 83 
582 333 
333 179 
948 233 
582 821 
141 195 
195 592 
592 141 
592 368 
266 141 
592 266 
403 696 
696 266 
266 403 
115 266 
115 403 
870 331 
331 407 
407 870 
426 334 
334 696 
696 426 
334 407 
767 295 
295 787 
787 767 
273 403 
787 403 
403 767 
730 899 
899 50 
50 730 
899 166 
896 851 
851 761 
761 896 
638 929 
518 638 
998 518 
998 851 
929 85 
240 300 
529 553 
553 328 
328 240 
529 223 
223 553 
686 553 
22 221 
221 149 
636 149 
240 159 
163 367 
483 163 
268 163 
163 328 
483 328 
240 483 
686 648 
163 39 
242 825 
50 242 
557 567 
889 242 
983 824 
451 492 
146 451 
265 451 
451 153 
265 983 
610 220 
220 422 
941 900 
746 269 
395 746 
874 687 
687 395 
395 874 
705 617 
678 617 
617 690 
690 678 
255 206 
206 832 
419 112 
112 178 
178 419 
419 870 
331 419 
838 774 
774 206 
206 838 
206 38 
141 255 
141 206 
997 836 
940 400 
366 831 
831 196 
196 366 
753 329 
329 848 
467 753 
688 662 
779 688 
546 383 
383 321 
226 777 
777 119 
105 57 
57 383 
383 226 
57 321 
121 245 
245 729 
729 121 
105 729 
729 57 
970 153 
153 939 
486 526 
526 401 
401 486 
205 607 
607 213 
213 205 
146 153 
526 939 
939 146 
146 526 
220 970 
607 744 
744 876 
876 607 
213 876 
181 747 
747 21 
935 107 
107 511 
511 935 
244 937 
827 244 
647 467 
467 937 
5 644 
644 225 
835 369 
369 298 
298 835 
571 442 
442 537 
344 117 
117 571 
936 905 
905 477 
477 936 
554 942 
559 560 
456 477 
905 456 
442 41 
41 990 
990 442 
854 991 
751 433 
433 184 
184 751 
41 751 
184 41 
757 150 
430 943 
943 101 
150 943 
430 150 
669 436 
436 793 
947 292 
264 947 
238 164 
164 260 
260 238 
260 286 
286 238 
260 958 
958 264 
264 260 
260 436 
436 286 
952 782 
537 952 
89 164 
89 971 
782 89 
952 712 
712 782 
712 164 
164 782 
712 812 
812 698 
698 712 
952 812 
379 540 
540 985 
985 379 
672 238 
286 672 
672 109 
672 392 
392 109 
947 741 
741 292 
802 642 
148 802 
802 322 
802 866 
148 866 
148 562 
562 866 
562 603 
603 664 
562 484 
484 603 
952 484 
278 484 
952 278 
442 278 
278 537 
426 407 
696 787 
787 426 
83 787 
557 889 
889 567 
318 790 
790 784 
656 896 
896 898 
889 825 
896 888 
790 896 
898 790 
193 630 
630 205 
205 193 
163 428 
428 39 
838 266 
696 838 
838 141 
334 838 
853 400 
400 710 
710 853 
506 662 
662 701 
701 506 
506 91 
87 907 
907 886 
886 87 
886 49 
907 981 
981 886 
486 939 
981 501 
501 486 
486 981 
49 744 
744 185 
607 21 
21 744 
87 837 
837 907 
747 744 
49 876 
385 935 
935 249 
703 452 
452 385 
385 703 
385 107 
884 244 
244 703 
894 520 
520 935 
935 894 
894 349 
32 5 
177 703 
703 596 
596 177 
884 703 
452 177 
177 895 
884 596 
835 884 
835 596 
835 964 
964 596 
456 117 
344 456 
905 117 
895 456 
456 177 
177 477 
184 990 
990 278 
905 41 
41 117 
117 442 
433 854 
751 411 
411 433 
905 751 
132 559 
135 132 
218 135 
296 218 
296 433 
433 218 
19 781 
781 985 
985 19 
959 985 
540 959 
392 393 
393 555 
555 392 
393 672 
672 540 
540 393 
191 393 
393 379 
379 191 
191 555 
109 267 
267 89 
267 180 
642 698 
125 698 
125 947 
947 698 
278 603 
990 603 
603 682 
682 990 
193 409 
193 213 
915 640 
640 631 
678 493 
493 631 
631 678 
631 154 
678 640 
640 617 
389 874 
640 874 
389 640 
817 196 
831 817 
196 350 
350 494 
350 997 
836 940 
836 400 
710 836 
836 350 
350 710 
853 669 
436 264 
506 290 
329 662 
688 329 
401 876 
49 401 
886 401 
428 205 
630 428 
205 887 
887 607 
747 185 
185 708 
708 245 
729 321 
729 708 
708 321 
511 894 
430 349 
349 511 
754 5 
524 754 
835 694 
694 964 
694 298 
298 225 
225 694 
936 964 
964 903 
903 936 
596 477 
964 477 
411 936 
903 411 
903 922 
922 411 
922 132 
132 218 
218 922 
751 936 
411 218 
694 903 
644 755 
755 225 
903 755 
755 922 
755 694 
123 140 
308 123 
121 105 
105 536 
536 121 
943 810 
810 101 
536 270 
270 121 
101 536 
121 837 
837 245 
837 270 
270 781 
781 837 
781 907 
985 33 
33 19 
270 191 
379 270 
109 414 
414 267 
392 414 
555 414 
757 414 
555 757 
180 414 
698 958 
958 712 
958 164 
958 947 
678 3 
350 817 
817 710 
977 710 
817 977 
352 286 
286 916 
916 352 
352 672 
352 540 
701 500 
500 506 
701 329 
329 137 
137 701 
701 650 
650 500 
119 500 
768 506 
500 768 
606 768 
768 777 
777 606 
777 383 
383 606 
777 500 
290 768 
768 282 
606 282 
546 606 
291 606 
486 886 
366 981 
981 831 
268 428 
887 21 
428 887 
755 140 
140 922 
140 132 
123 132 
559 123 
379 781 
536 191 
19 831 
981 19 
959 33 
831 33 
33 817 
959 977 
977 33 
916 959 
959 352 
916 977 
853 916 
916 669 
916 436 
853 977 
907 19 
810 191 
536 810 
810 555 
943 757 
757 810 
157 822 
822 654 
654 157 
157 1 
583 1 
