222 28 538 
302 583 257 
538 654 512 
822 538 28 
512 654 750 
139 723 209 
28 139 822 
129 822 139 
601 209 723 
157 719 583 
800 222 538 
538 512 800 
97 114 868 
583 302 840 
719 257 583 
714 257 719 
129 139 434 
157 129 719 
719 129 434 
421 257 289 
257 421 302 
222 800 528 
945 528 800 
390 23 945 
800 512 390 
945 800 390 
750 860 969 
969 860 103 
143 842 862 
601 756 209 
62 842 357 
209 434 139 
143 601 758 
6 209 756 
723 758 601 
302 868 114 
47 868 421 
714 289 257 
750 1 860 
840 860 1 
654 1 750 
114 840 302 
237 97 66 
860 604 103 
604 114 237 
97 237 114 
114 604 840 
860 840 604 
443 103 604 
967 443 237 
77 429 390 
608 714 6 
6 434 209 
719 434 714 
868 302 421 
47 421 844 
528 481 312 
862 601 143 
28 723 139 
420 62 357 
143 357 842 
758 453 143 
413 98 111 
521 111 98 
17 142 345 
23 390 429 
77 390 512 
345 77 969 
345 429 77 
512 750 77 
750 969 77 
62 14 842 
434 6 714 
731 312 481 
312 731 495 
721 28 222 
721 222 445 
222 528 445 
312 445 528 
797 73 966 
127 482 692 
759 97 868 
759 910 97 
131 508 759 
885 508 48 
868 47 759 
156 131 387 
910 759 508 
103 443 521 
925 521 443 
98 80 521 
103 521 80 
80 969 103 
17 345 80 
413 962 280 
962 938 356 
413 111 564 
938 962 207 
67 280 962 
413 280 98 
98 280 17 
66 910 441 
910 66 97 
508 885 394 
842 14 683 
176 525 14 
666 176 482 
829 608 547 
475 608 6 
495 731 946 
481 945 415 
945 481 528 
481 45 731 
481 415 45 
23 415 945 
578 45 415 
711 491 569 
737 170 700 
59 253 449 
960 250 169 
445 312 584 
548 584 495 
28 721 723 
723 721 758 
721 287 758 
445 287 721 
548 495 200 
287 584 513 
996 976 341 
735 864 315 
319 716 100 
341 770 996 
170 319 770 
113 871 797 
692 420 871 
339 871 809 
420 797 871 
797 420 73 
131 48 508 
604 237 443 
967 925 443 
967 237 66 
925 967 697 
80 98 17 
172 17 280 
707 429 142 
969 80 345 
589 207 564 
760 707 27 
142 27 707 
429 345 142 
27 142 172 
962 413 207 
962 356 67 
248 938 595 
412 66 441 
441 910 394 
636 72 897 
508 394 910 
280 67 172 
67 279 655 
683 862 842 
683 574 862 
862 756 601 
6 756 475 
14 62 482 
14 482 176 
420 692 62 
530 666 127 
829 289 608 
714 608 289 
566 23 707 
566 415 23 
429 707 23 
256 566 760 
256 578 566 
200 449 253 
495 946 250 
634 613 960 
73 357 453 
357 73 420 
287 513 453 
73 453 513 
453 758 287 
357 143 453 
224 946 731 
752 224 130 
522 317 410 
313 64 875 
882 542 313 
313 43 882 
875 317 861 
875 861 313 
309 176 465 
52 530 460 
299 992 307 
780 488 576 
754 488 308 
716 319 371 
170 371 319 
923 13 826 
569 341 745 
319 100 996 
864 743 716 
315 716 371 
931 418 100 
323 976 418 
62 692 482 
113 797 253 
71 113 59 
548 966 513 
200 253 966 
548 200 966 
168 613 634 
59 711 71 
613 59 449 
624 857 921 
950 921 906 
739 624 204 
204 921 549 
704 405 314 
221 769 636 
394 885 897 
274 885 48 
394 897 72 
938 207 718 
595 938 718 
718 891 595 
697 412 949 
72 10 441 
412 697 967 
66 412 967 
564 207 413 
423 564 111 
612 623 423 
589 718 207 
786 216 70 
216 786 281 
655 279 7 
27 172 655 
639 760 27 
655 172 67 
17 172 142 
289 844 421 
289 829 844 
683 14 525 
525 283 683 
756 862 574 
574 475 756 
574 683 283 
578 335 130 
573 84 335 
130 335 84 
415 566 578 
332 256 760 
335 578 256 
187 882 545 
491 711 168 
613 168 711 
881 700 168 
200 250 449 
312 495 584 
960 449 250 
548 513 584 
445 584 287 
250 200 495 
946 169 250 
882 187 542 
317 875 803 
84 803 875 
84 875 64 
803 84 573 
110 189 551 
219 110 658 
410 284 522 
522 792 317 
580 565 397 
396 503 79 
465 52 585 
666 530 52 
32 460 239 
307 524 5 
52 460 358 
585 52 358 
239 299 307 
691 576 323 
780 691 798 
323 418 691 
869 828 867 
247 246 161 
826 658 923 
737 788 826 
86 923 658 
13 651 735 
315 371 13 
658 826 788 
826 13 371 
735 315 13 
93 510 34 
780 20 488 
961 798 510 
798 961 780 
931 34 798 
576 691 780 
996 100 418 
996 418 976 
590 214 745 
34 931 100 
323 590 976 
214 590 299 
127 79 530 
482 127 666 
79 127 339 
692 339 127 
79 598 396 
503 396 239 
745 561 569 
561 745 214 
590 323 992 
745 976 590 
569 71 711 
71 569 561 
976 745 341 
341 569 491 
770 341 491 
711 59 613 
71 561 809 
598 79 339 
809 113 71 
113 809 871 
339 809 598 
253 59 113 
513 966 73 
797 966 253 
314 857 911 
628 906 485 
857 314 405 
336 927 852 
314 927 704 
405 704 904 
704 927 336 
353 628 485 
549 950 785 
405 906 857 
10 883 949 
883 10 769 
579 653 725 
505 471 54 
841 891 661 
623 612 796 
796 346 623 
796 8 346 
804 346 155 
99 24 660 
316 676 384 
162 424 248 
676 316 424 
521 925 111 
589 564 623 
423 697 612 
564 423 623 
697 423 925 
111 925 423 
384 816 70 
384 978 316 
978 216 231 
384 70 978 
216 978 70 
999 844 829 
999 829 365 
575 574 283 
575 547 475 
574 575 475 
475 547 608 
301 573 335 
332 301 256 
86 658 110 
43 219 882 
219 788 545 
64 542 752 
84 64 130 
64 313 542 
169 542 187 
881 634 545 
634 960 187 
449 960 613 
542 169 752 
641 522 284 
803 410 317 
803 573 410 
104 417 984 
381 455 343 
773 326 641 
792 522 702 
641 702 522 
792 702 856 
749 792 856 
684 154 893 
725 462 934 
611 934 457 
476 305 732 
921 857 906 
904 485 405 
597 353 615 
405 485 906 
530 79 503 
299 239 396 
488 524 576 
992 576 524 
598 214 396 
992 299 590 
12 575 438 
547 575 12 
576 992 323 
691 418 931 
299 396 214 
214 598 561 
561 598 809 
871 339 692 
276 370 497 
76 425 924 
516 614 736 
370 337 828 
869 496 82 
867 496 869 
519 247 161 
551 86 110 
974 551 189 
86 551 444 
551 320 444 
651 923 234 
519 161 320 
651 13 923 
86 444 923 
444 161 234 
161 444 320 
354 629 454 
919 828 337 
924 919 337 
828 869 217 
370 828 217 
658 788 219 
110 43 189 
861 189 43 
43 110 219 
545 882 219 
43 313 861 
994 404 645 
890 994 620 
586 651 404 
890 586 994 
404 994 586 
671 338 890 
234 246 404 
996 770 319 
170 737 371 
234 404 651 
425 377 439 
754 308 644 
416 93 743 
34 510 798 
20 780 961 
953 510 93 
348 665 801 
763 911 624 
739 763 624 
544 448 489 
785 167 611 
934 611 167 
167 950 628 
167 785 950 
643 397 565 
722 397 88 
397 722 580 
402 580 722 
61 228 533 
88 192 785 
549 192 948 
228 948 192 
921 204 624 
948 204 549 
950 549 921 
852 406 621 
587 621 406 
599 95 364 
801 230 348 
364 406 230 
215 709 587 
929 975 188 
198 455 527 
275 527 175 
621 587 380 
325 928 801 
95 50 825 
646 8 293 
441 394 72 
72 769 10 
366 941 501 
610 422 900 
970 941 422 
776 653 836 
652 846 843 
55 54 901 
814 588 718 
471 661 670 
588 901 670 
343 198 36 
949 883 796 
8 796 883 
412 441 10 
949 796 612 
612 697 949 
10 949 412 
155 8 646 
8 155 346 
883 293 8 
174 241 367 
794 676 162 
794 162 342 
252 175 24 
30 24 527 
670 661 891 
637 816 74 
676 74 384 
807 342 162 
424 162 676 
279 424 316 
816 384 74 
316 7 279 
7 316 978 
978 231 7 
639 7 231 
7 639 655 
27 655 639 
131 156 48 
4 48 156 
759 47 131 
47 387 131 
335 256 301 
760 639 332 
231 332 639 
707 760 566 
187 545 634 
491 168 700 
168 634 881 
169 187 960 
737 826 371 
491 700 770 
770 700 170 
881 545 788 
700 881 737 
788 737 881 
731 45 224 
224 752 946 
578 130 45 
224 45 130 
752 130 64 
169 946 752 
281 284 254 
410 254 284 
573 301 254 
254 410 573 
544 489 820 
173 933 194 
605 138 706 
398 138 391 
839 951 104 
480 789 622 
480 622 417 
789 480 194 
789 194 933 
908 236 31 
236 26 208 
556 152 998 
330 908 872 
330 622 789 
166 261 872 
773 641 865 
284 865 641 
786 865 281 
284 281 865 
189 183 974 
183 792 749 
183 317 792 
749 974 183 
183 861 317 
189 861 183 
974 749 517 
629 354 304 
454 186 893 
70 235 786 
235 70 816 
504 9 879 
296 554 531 
531 310 833 
673 956 60 
664 991 374 
9 374 833 
374 9 408 
956 408 128 
440 873 795 
408 956 136 
740 514 995 
972 359 764 
734 993 727 
988 819 487 
376 955 478 
859 515 957 
609 732 305 
643 565 305 
609 305 565 
859 732 515 
609 515 732 
628 353 171 
934 167 171 
628 171 167 
628 950 906 
728 900 494 
728 997 199 
653 579 199 
494 997 728 
485 615 353 
42 597 657 
515 609 259 
11 609 565 
503 460 530 
327 507 626 
503 239 460 
307 32 239 
699 438 283 
147 671 497 
147 271 671 
586 890 989 
671 271 338 
616 271 361 
497 217 147 
616 953 56 
416 56 93 
736 337 370 
828 919 867 
425 439 919 
425 65 377 
920 363 76 
288 65 363 
65 76 363 
558 924 614 
920 76 558 
919 924 425 
234 161 246 
986 247 340 
629 519 517 
378 849 986 
629 304 519 
247 519 304 
304 340 247 
63 340 724 
246 986 645 
243 620 994 
620 497 671 
378 297 262 
134 243 849 
37 902 306 
724 304 354 
186 454 629 
632 354 454 
454 154 632 
493 632 154 
586 735 651 
338 416 989 
989 864 735 
416 743 864 
496 867 808 
82 361 147 
869 82 217 
60 128 563 
431 377 65 
439 867 919 
9 128 408 
878 873 673 
956 673 58 
531 833 991 
942 135 559 
563 808 439 
808 351 496 
128 504 563 
808 504 351 
338 56 416 
56 338 271 
435 1000 616 
34 743 93 
524 307 992 
931 798 691 
308 488 20 
348 230 406 
230 801 928 
717 665 348 
801 665 627 
693 820 489 
665 717 693 
984 120 104 
857 624 911 
233 35 739 
820 693 717 
448 674 775 
820 314 544 
763 674 911 
674 544 911 
911 544 314 
820 927 314 
927 820 717 
233 821 35 
570 35 821 
763 739 695 
204 233 739 
948 228 333 
228 61 179 
582 179 112 
190 468 476 
397 643 533 
643 305 468 
533 88 397 
785 611 88 
533 192 88 
549 785 192 
852 621 336 
615 657 597 
904 336 680 
717 852 927 
336 904 704 
348 852 717 
406 364 587 
761 929 888 
469 208 26 
381 208 469 
447 78 275 
587 364 215 
95 599 50 
825 980 95 
646 917 470 
769 293 883 
274 897 885 
529 499 973 
91 290 355 
40 18 463 
380 372 657 
917 159 846 
300 159 917 
367 667 483 
930 625 174 
709 380 587 
42 657 372 
466 92 965 
265 220 824 
679 68 291 
263 686 223 
223 68 263 
901 588 804 
814 623 346 
814 804 588 
891 718 588 
623 814 589 
718 589 814 
670 901 54 
54 618 505 
618 54 55 
346 804 814 
55 901 502 
877 432 69 
661 471 347 
175 347 275 
471 505 447 
670 54 471 
78 447 944 
447 347 471 
588 670 891 
78 944 461 
535 663 771 
324 479 806 
932 473 479 
660 855 227 
858 324 427 
855 427 324 
479 858 932 
858 479 324 
15 858 360 
932 858 15 
94 175 252 
660 677 99 
99 252 24 
534 660 24 
794 74 676 
447 275 347 
94 347 175 
252 99 342 
355 156 813 
813 387 999 
844 999 387 
844 387 47 
813 779 91 
365 779 999 
813 999 779 
688 365 12 
547 365 829 
210 332 231 
301 332 210 
210 254 301 
210 231 216 
216 281 210 
281 254 210 
489 847 839 
229 847 448 
417 104 581 
681 44 229 
446 194 124 
106 124 480 
124 659 765 
765 15 360 
659 391 201 
391 659 106 
124 106 659 
675 765 659 
675 659 201 
138 201 391 
775 229 448 
581 106 417 
391 106 581 
194 480 124 
480 417 106 
789 908 330 
152 31 236 
31 872 908 
908 789 933 
26 236 933 
908 933 236 
51 427 668 
928 599 230 
120 627 665 
517 749 186 
320 517 519 
517 186 629 
856 186 749 
551 974 320 
517 320 974 
856 893 186 
684 893 277 
968 856 702 
893 856 968 
454 893 154 
968 277 893 
29 235 382 
865 29 773 
450 773 29 
880 450 382 
29 865 786 
29 786 235 
227 806 637 
375 382 235 
235 816 375 
637 375 816 
408 362 374 
664 374 362 
594 136 58 
362 136 866 
775 995 514 
489 448 847 
748 600 734 
306 727 993 
892 498 160 
498 373 197 
498 306 373 
993 373 306 
514 740 715 
706 681 399 
764 399 715 
388 799 690 
799 734 845 
918 182 819 
918 269 182 
988 487 764 
182 487 819 
706 399 605 
399 764 487 
932 285 473 
473 742 880 
915 631 684 
359 955 988 
819 988 376 
46 568 955 
359 46 955 
954 955 568 
376 988 955 
478 388 705 
734 799 748 
388 748 799 
478 954 388 
294 982 940 
725 776 462 
940 462 776 
982 402 457 
722 457 402 
88 611 722 
457 722 611 
462 457 934 
982 457 462 
53 805 635 
873 440 53 
362 408 136 
53 594 58 
58 873 53 
873 58 673 
805 53 440 
211 96 440 
859 635 543 
635 859 957 
732 859 16 
543 16 859 
805 543 635 
16 543 90 
582 112 165 
171 353 579 
597 199 579 
597 579 353 
776 725 653 
579 725 171 
934 171 725 
11 914 741 
580 402 914 
793 264 292 
793 292 311 
565 580 11 
580 914 11 
402 982 311 
311 914 402 
669 793 294 
452 895 202 
181 679 633 
679 181 263 
263 181 648 
32 626 507 
298 327 626 
465 585 913 
225 626 5 
369 459 327 
309 525 176 
52 465 666 
176 666 465 
848 926 753 
864 989 416 
953 93 56 
100 743 34 
338 989 890 
716 315 864 
100 716 743 
795 272 211 
197 160 498 
337 614 924 
614 892 558 
368 523 197 
645 849 243 
671 890 620 
815 892 516 
815 516 262 
134 262 516 
262 134 849 
645 243 994 
727 845 734 
203 902 63 
845 203 602 
727 902 203 
203 845 727 
304 724 340 
340 63 378 
378 986 340 
724 203 63 
902 297 63 
297 378 63 
493 3 632 
354 602 724 
203 724 602 
632 602 354 
361 232 435 
82 147 217 
435 987 552 
808 563 504 
833 879 9 
563 377 60 
128 60 956 
147 361 271 
572 560 961 
56 271 616 
510 953 572 
953 616 1000 
232 82 496 
374 991 833 
622 984 417 
872 31 166 
386 330 325 
570 258 35 
35 695 739 
995 850 740 
850 258 570 
649 740 850 
850 995 258 
273 834 600 
993 734 600 
600 748 81 
46 295 568 
81 954 568 
81 568 767 
305 476 468 
380 680 621 
406 852 348 
680 336 621 
485 904 615 
615 680 657 
680 615 904 
689 975 638 
541 556 851 
208 152 236 
152 556 31 
208 518 152 
364 230 599 
928 730 599 
783 92 784 
461 36 78 
527 275 198 
275 78 198 
618 432 505 
505 944 447 
198 78 36 
215 95 980 
293 22 646 
667 846 159 
472 300 221 
22 300 917 
897 499 149 
499 274 18 
897 274 499 
18 274 4 
529 149 499 
48 4 274 
18 973 499 
679 263 68 
68 40 291 
973 40 68 
290 282 463 
380 657 680 
303 42 372 
437 372 709 
591 685 474 
21 648 181 
328 686 268 
492 979 118 
979 492 965 
930 174 409 
625 930 535 
409 174 630 
367 39 174 
909 791 409 
663 791 593 
158 593 726 
685 610 437 
303 437 610 
372 437 303 
451 983 466 
618 69 432 
944 505 432 
912 944 432 
2 912 771 
784 726 593 
188 461 2 
535 877 830 
85 2 158 
830 625 535 
667 843 846 
663 535 930 
69 212 830 
917 646 22 
367 241 667 
843 667 241 
432 877 912 
804 502 901 
804 155 502 
212 55 652 
618 55 212 
843 212 652 
791 663 930 
784 593 783 
843 241 830 
145 818 983 
660 534 855 
668 855 534 
855 668 427 
823 668 532 
74 677 637 
74 794 677 
342 99 794 
227 324 806 
324 227 855 
660 227 677 
677 794 99 
227 637 677 
375 637 806 
15 762 932 
742 473 285 
765 675 15 
762 15 675 
577 746 762 
285 932 762 
347 94 661 
252 342 94 
342 807 94 
355 813 91 
355 463 4 
18 4 463 
4 156 355 
463 355 290 
387 813 156 
937 249 647 
91 779 662 
547 12 365 
438 848 12 
688 12 848 
665 693 120 
951 839 847 
489 839 693 
622 330 386 
398 706 138 
201 138 733 
605 733 138 
487 605 399 
487 182 605 
733 605 182 
269 577 733 
285 762 746 
762 675 577 
201 577 675 
44 398 951 
391 581 398 
951 847 44 
398 44 706 
581 951 398 
951 581 104 
381 469 455 
532 469 823 
30 527 455 
26 823 469 
173 51 823 
173 823 26 
446 173 194 
173 26 933 
427 360 858 
427 51 360 
360 446 765 
360 51 446 
124 765 446 
173 446 51 
627 325 801 
839 120 693 
622 386 984 
627 984 386 
839 104 120 
325 330 261 
509 880 742 
880 509 450 
766 450 509 
29 382 450 
258 995 695 
258 695 35 
775 695 995 
674 763 695 
544 674 448 
695 775 674 
681 706 44 
847 229 44 
715 399 681 
514 715 681 
775 514 229 
681 229 514 
715 740 972 
649 972 740 
733 182 269 
201 733 577 
389 395 918 
490 918 819 
746 687 285 
742 285 687 
954 478 955 
690 705 388 
748 388 954 
918 490 389 
819 376 490 
490 376 705 
594 635 126 
594 53 635 
126 957 802 
136 594 866 
956 58 136 
732 16 476 
133 476 16 
96 90 543 
133 16 90 
96 832 90 
25 774 331 
914 311 292 
452 202 107 
119 349 226 
226 75 57 
118 146 492 
546 633 679 
321 633 546 
291 546 679 
358 327 459 
507 327 358 
32 507 460 
507 358 460 
575 283 438 
926 438 699 
283 525 699 
309 699 525 
913 550 108 
795 878 288 
272 288 116 
288 272 795 
65 288 878 
878 795 873 
211 440 795 
523 920 160 
924 558 76 
920 558 160 
892 160 558 
288 363 116 
368 116 523 
849 645 986 
234 923 444 
247 986 246 
246 645 404 
378 262 849 
735 586 989 
306 498 37 
727 306 902 
902 37 297 
815 297 37 
892 37 498 
892 815 37 
736 370 276 
243 276 620 
217 497 370 
620 276 497 
297 815 262 
276 134 736 
614 516 892 
243 134 276 
516 736 134 
337 736 614 
602 632 3 
799 845 3 
3 690 799 
602 3 845 
351 879 458 
361 82 232 
232 720 987 
720 232 496 
377 563 439 
720 496 351 
673 60 431 
673 431 878 
65 878 431 
431 60 377 
76 65 425 
867 439 808 
435 552 1000 
351 458 720 
616 361 435 
619 987 458 
879 351 504 
720 458 987 
135 554 296 
879 310 458 
554 619 310 
942 559 464 
961 510 572 
464 1000 552 
987 435 232 
1000 572 953 
125 642 322 
738 570 778 
821 778 570 
850 570 738 
850 738 649 
233 333 821 
870 165 112 
778 582 165 
738 778 151 
373 993 834 
834 115 963 
834 963 373 
963 368 197 
197 373 963 
592 963 115 
600 834 993 
834 273 115 
273 81 767 
954 81 748 
273 600 81 
61 468 178 
468 61 643 
533 643 61 
192 533 228 
178 179 61 
190 178 468 
36 461 188 
36 188 975 
198 343 455 
689 518 381 
343 975 689 
208 381 518 
532 455 469 
975 343 36 
899 541 242 
889 656 898 
556 541 166 
656 541 851 
638 761 998 
343 689 381 
872 261 330 
627 386 325 
984 627 120 
325 261 928 
261 166 730 
166 31 556 
912 461 944 
912 2 461 
85 726 888 
158 726 85 
593 158 663 
188 2 85 
771 158 2 
790 888 726 
909 783 791 
656 242 541 
557 145 591 
825 557 980 
685 824 220 
474 437 709 
824 591 145 
215 364 95 
437 474 685 
474 709 215 
380 709 372 
591 474 980 
553 240 472 
293 769 22 
973 68 223 
149 529 472 
40 973 18 
282 291 40 
42 303 728 
653 199 997 
196 494 941 
610 900 303 
728 199 42 
597 42 199 
159 483 667 
241 174 625 
118 979 213 
39 630 174 
930 409 791 
92 466 818 
492 466 965 
818 318 92 
898 318 567 
220 265 153 
818 145 567 
784 92 318 
771 877 535 
625 830 241 
212 69 618 
69 830 877 
877 771 912 
843 830 212 
646 470 155 
502 652 55 
470 652 502 
846 652 470 
846 470 917 
470 502 155 
909 965 783 
593 791 783 
965 909 979 
466 983 818 
783 965 92 
979 909 193 
248 356 938 
279 67 356 
279 356 424 
807 162 248 
841 94 807 
841 595 891 
94 841 661 
248 595 807 
841 807 595 
356 248 424 
51 668 823 
668 534 532 
30 532 534 
175 527 24 
532 30 455 
30 534 24 
326 766 277 
450 766 773 
277 968 326 
702 326 968 
702 641 326 
326 773 766 
772 277 766 
915 684 772 
277 772 684 
144 772 509 
382 102 880 
382 375 102 
806 102 375 
473 880 102 
102 806 479 
102 479 473 
151 713 738 
713 295 122 
83 295 713 
46 122 295 
988 764 359 
715 972 764 
122 359 972 
122 46 359 
738 713 649 
269 918 395 
617 389 490 
509 742 144 
687 144 742 
766 509 772 
874 915 144 
116 368 195 
255 272 195 
920 523 363 
419 190 25 
476 133 190 
133 25 190 
90 38 133 
38 90 832 
805 440 96 
543 805 96 
255 832 211 
774 25 38 
25 133 38 
334 331 774 
462 940 982 
294 311 982 
400 669 294 
939 501 970 
811 107 202 
511 811 430 
202 251 811 
863 344 571 
971 537 782 
267 863 971 
571 537 971 
539 202 895 
539 895 344 
539 344 863 
753 647 137 
137 520 650 
75 226 349 
650 894 119 
49 185 87 
185 245 87 
105 75 101 
430 101 75 
526 118 876 
268 648 887 
708 747 633 
520 647 249 
385 249 244 
358 459 585 
937 550 827 
827 459 369 
369 884 827 
467 108 550 
438 926 848 
699 309 108 
913 585 550 
459 550 585 
108 309 913 
465 913 309 
926 108 467 
619 552 987 
464 572 1000 
552 619 942 
560 572 464 
140 644 308 
560 123 20 
296 531 854 
184 854 682 
682 991 664 
180 539 863 
180 251 539 
150 811 251 
202 539 251 
251 180 757 
109 89 238 
11 259 609 
957 126 635 
741 125 259 
322 957 515 
515 259 322 
664 362 562 
126 866 594 
484 148 812 
812 148 642 
122 649 713 
407 151 165 
972 649 122 
83 151 426 
179 582 333 
204 948 233 
179 333 228 
582 821 333 
778 821 582 
333 233 948 
141 195 592 
368 963 592 
116 363 523 
160 197 523 
266 141 592 
368 592 195 
403 696 266 
592 115 266 
403 266 115 
870 331 407 
426 334 696 
334 407 331 
767 295 787 
115 273 403 
295 767 568 
787 403 767 
730 928 261 
730 899 50 
899 166 541 
899 730 166 
896 851 761 
929 761 638 
929 638 975 
518 638 998 
998 851 556 
888 929 85 
188 85 929 
300 472 240 
553 472 529 
240 553 328 
553 529 223 
223 686 553 
973 223 529 
22 221 300 
149 472 221 
221 22 769 
72 636 769 
221 636 149 
897 149 636 
300 240 159 
163 367 483 
268 163 328 
163 483 328 
686 328 553 
483 159 240 
240 328 483 
648 268 686 
163 39 367 
242 825 50 
215 980 474 
567 145 557 
980 557 591 
656 889 242 
50 599 730 
145 983 824 
451 492 146 
492 451 466 
265 451 153 
591 824 685 
983 451 265 
422 610 220 
265 824 983 
941 900 422 
685 220 610 
746 269 395 
577 269 746 
874 687 395 
705 617 490 
678 617 690 
478 705 376 
116 195 272 
255 206 832 
255 211 272 
832 96 211 
419 112 178 
112 419 870 
179 178 112 
190 419 178 
25 331 419 
331 870 419 
838 774 206 
38 832 206 
195 141 255 
206 255 141 
997 836 653 
294 940 400 
366 831 196 
366 196 941 
520 137 647 
753 329 848 
467 753 926 
40 463 282 
688 662 779 
321 546 383 
119 226 777 
105 57 75 
226 57 383 
321 383 57 
121 245 729 
57 105 729 
970 501 941 
939 970 153 
900 728 303 
486 526 401 
205 607 213 
146 153 451 
526 939 146 
422 220 970 
607 744 876 
213 876 118 
21 181 747 
633 747 181 
935 107 511 
459 827 550 
699 108 926 
244 937 827 
647 467 937 
550 937 467 
225 5 644 
20 961 560 
835 369 298 
327 298 369 
537 571 442 
344 117 571 
936 905 477 
554 942 619 
560 464 559 
456 477 905 
442 41 990 
991 682 854 
751 433 184 
41 751 184 
251 757 150 
101 430 943 
150 943 430 
669 436 793 
947 292 264 
238 164 260 
260 286 238 
260 958 264 
286 260 436 
952 782 537 
238 89 164 
89 971 782 
782 952 712 
712 164 782 
712 812 698 
812 712 952 
379 540 985 
672 238 286 
782 164 89 
238 672 109 
109 672 392 
947 741 292 
292 741 914 
259 11 741 
802 642 148 
802 322 642 
126 802 866 
322 802 957 
148 866 802 
148 562 866 
362 866 562 
562 603 664 
603 562 484 
812 952 484 
278 484 952 
537 442 278 
278 952 537 
713 151 83 
165 870 407 
426 407 334 
165 151 778 
767 403 273 
426 696 787 
403 787 696 
407 426 151 
83 787 295 
787 83 426 
771 663 158 
557 889 567 
318 790 784 
898 656 896 
825 242 889 
726 784 790 
818 567 318 
898 567 889 
896 888 790 
318 898 790 
896 790 898 
851 896 656 
50 899 242 
557 825 889 
888 896 761 
851 998 761 
638 518 689 
518 998 152 
193 630 205 
39 163 428 
746 395 687 
772 144 915 
874 144 687 
38 206 774 
838 266 696 
141 266 838 
838 206 141 
696 334 838 
774 838 334 
311 294 793 
853 400 710 
506 662 701 
91 662 506 
87 907 886 
87 886 49 
886 907 981 
153 146 939 
939 526 486 
981 501 486 
153 970 220 
49 744 185 
744 607 21 
907 87 837 
21 747 744 
49 876 744 
249 385 935 
703 452 385 
937 244 249 
107 935 385 
244 827 884 
385 244 703 
894 520 935 
249 935 520 
894 650 520 
349 119 894 
626 32 5 
177 703 596 
884 703 244 
107 385 452 
895 452 177 
884 596 703 
369 835 884 
596 884 835 
596 835 964 
456 117 344 
117 456 905 
456 344 895 
477 456 177 
895 177 456 
703 177 452 
184 990 41 
990 278 442 
905 41 117 
117 442 571 
854 184 433 
433 751 411 
442 117 41 
751 41 905 
991 854 531 
458 310 619 
128 9 504 
879 833 310 
132 559 135 
310 531 554 
218 135 296 
218 296 433 
19 781 985 
959 985 540 
392 393 555 
393 672 540 
191 393 379 
191 555 393 
109 267 89 
863 267 180 
571 971 863 
971 89 267 
642 698 812 
125 698 642 
322 259 125 
698 125 947 
148 484 562 
484 278 603 
990 603 278 
682 664 603 
184 682 990 
603 990 682 
146 118 526 
409 630 193 
193 213 979 
409 193 909 
631 915 640 
678 493 631 
154 684 631 
678 640 617 
395 389 874 
640 874 389 
874 640 915 
817 196 831 
939 486 501 
941 494 900 
196 350 494 
997 494 350 
940 776 836 
836 400 940 
710 836 350 
400 853 669 
264 793 436 
264 436 260 
91 506 290 
329 662 688 
647 753 467 
688 848 329 
365 688 779 
401 876 49 
876 213 607 
401 49 886 
428 205 630 
39 428 630 
205 887 607 
213 193 205 
747 185 744 
185 708 245 
57 729 321 
708 185 747 
729 708 321 
633 321 708 
935 511 894 
150 430 811 
811 511 107 
511 430 349 
75 349 430 
349 894 511 
754 5 524 
488 754 524 
754 644 5 
307 5 32 
964 835 694 
694 298 225 
626 225 298 
936 964 903 
177 596 477 
964 477 596 
964 936 477 
411 936 903 
903 922 411 
298 694 835 
922 132 218 
554 135 942 
936 411 751 
433 411 218 
694 903 964 
644 755 225 
903 755 922 
694 225 755 
123 140 308 
903 694 755 
121 105 536 
943 810 101 
536 270 121 
708 729 245 
101 536 105 
121 729 105 
245 121 837 
837 270 781 
781 907 837 
245 837 87 
985 33 19 
270 191 379 
267 109 414 
392 414 109 
392 555 414 
757 414 555 
414 757 180 
414 180 267 
698 958 712 
164 712 958 
958 260 164 
947 264 958 
958 698 947 
741 947 125 
389 617 640 
631 640 678 
705 690 617 
154 631 493 
493 678 3 
690 3 678 
350 817 710 
977 710 817 
817 350 196 
997 350 836 
352 286 916 
286 352 672 
352 540 672 
701 500 506 
701 329 137 
753 137 329 
329 701 662 
500 701 650 
650 119 500 
137 650 701 
768 506 500 
606 768 777 
777 383 606 
383 777 226 
777 500 119 
290 768 282 
606 282 768 
768 290 506 
500 777 768 
546 606 383 
546 291 606 
282 606 291 
981 486 886 
876 401 526 
831 366 981 
268 428 163 
887 21 607 
205 428 887 
686 263 648 
21 887 648 
268 887 428 
854 433 296 
135 218 132 
755 140 922 
922 218 411 
905 936 751 
922 140 132 
123 132 140 
560 559 123 
464 552 942 
559 132 123 
308 20 123 
755 644 140 
837 121 270 
379 781 270 
540 379 393 
270 536 191 
19 831 981 
959 33 985 
831 33 817 
33 959 977 
33 977 817 
916 959 352 
540 352 959 
392 672 393 
977 959 916 
853 916 669 
436 669 916 
916 853 977 
436 916 286 
710 977 853 
836 710 400 
19 981 907 
401 886 486 
781 19 907 
379 985 781 
501 981 366 
831 19 33 
810 191 536 
555 191 810 
943 757 810 
536 101 810 
943 150 757 
555 810 757 
129 157 822 
538 822 654 
1 654 157 
1 157 583 
583 840 1 
822 157 654 
