2.54039 -3.94742 -0.745484
-3.39996 -3.43766 -0.39065
-0.0705301 2.26324 -1.26702
1.05139 -3.75028 1.51477
4.10656 0.818849 1.35236
3.47891 -3.3301 0.453562
0.463643 -2.21488 -1.26587
-0.496738 -4.8303 -0.299964
1.7537 3.77613 1.36895
0.370511 -4.86508 0.157991
-1.56206 2.94437 1.60089
2.96741 -2.72892 1.4508
3.41844 1.77168 -1.53199
4.30901 -1.85141 0.757672
-2.18744 -0.109495 -1.23295
-1.15903 4.22911 1.1791
1.21527 -3.43093 -1.58686
0.556091 -3.70472 1.56335
-1.66352 -0.479981 1.00599
4.09971 1.9962 0.966235
-1.3108 -2.62994 1.53113
-0.595627 -4.76439 0.497271
2.17877 -2.52391 -1.60128
-1.98942 -2.26861 -1.55266
-1.7003 4.52142 0.406782
-3.37867 -1.31917 -1.58855
1.19905 -2.57891 -1.50347
3.48593 -3.08765 -0.813688
-0.0590076 -0.626527 -0.58072
-2.43968 -2.14861 -1.59489
-4.24156 -1.25083 -1.13848
4.25775 0.340465 1.28474
-1.73487 0.0126674 1.00954
4.32821 2.21265 -0.273702
-3.56861 3.28785 -0.316167
-3.20814 -3.02777 -1.15122
0.862861 3.74609 -1.53396
-1.25108 4.66446 0.412843
-2.09523 -3.71339 1.29036
0.374823 -3.26324 1.59629
1.6368 1.69574 1.30944
-3.8382 0.52919 1.52296
2.55614 0.320974 -1.40611
-3.56289 1.6953 -1.49363
2.62681 -1.66215 -1.57295
-1.92375 3.20441 -1.56591
2.06071 -4.16759 0.830768
1.21785 -4.11364 1.26807
-1.63948 -1.76381 1.33433
-4.79864 -0.920275 0.0339076
-2.65238 -0.924909 -1.49135
4.17179 -0.691558 1.32046
0.116568 4.34175 1.22096
-1.88604 -4.137 -0.984322
-1.80523 -4.42011 -0.574868
3.79295 3.00387 -0.380089
0.135742 -1.65641 0.973559
0.57527 4.26762 1.25506
4.47765 -0.516215 -1.03966
1.28239 4.4422 0.870375
-2.57774 3.75259 0.976598
4.54326 -1.70517 0.320288
1.02865 2.89155 -1.56333
2.47951 -0.646932 -1.3996
0.99293 4.78345 0.0876894
1.21445 -4.73509 -0.0111109
0.463363 -3.02561 -1.56092
-0.117644 -3.20839 1.58951
-2.48101 -4.18405 -0.257145
-0.0397632 -1.44313 -0.871158
4.72184 -0.274778 -0.677912
0.43487 -4.73869 0.612718
4.46956 -1.72586 -0.5319
-0.765806 -1.82826 -1.13003
0.456425 -1.2862 0.836339
1.16388 4.69225 -0.392692
2.1895 -3.37106 -1.45806
-2.81832 -3.27069 -1.24548
4.75131 -0.493284 0.56358
1.46326 -3.82723 -1.41328
-1.03227 3.46754 -1.59002
2.93846 3.90406 -0.0414204
-2.11085 3.94036 -1.08411
2.07765 -0.835557 -1.25511
-3.74202 -3.1063 -0.267412
2.6648 1.22929 -1.53096
-1.35018 -1.40958 1.11539
-2.89749 2.95475 1.38675
0.049341 1.23266 0.780628
-0.995519 4.54439 0.824664
1.68361 -3.00172 1.6043
-3.74176 -2.49227 1.0526
4.08434 2.61659 -0.327465
-1.54517 -3.05035 -1.60406
-4.78586 -0.64742 0.409331
-0.54487 4.63136 0.803701
1.64925 -4.59173 0.167323
0.970189 -3.84678 -1.48439
-1.47919 -2.20221 -1.43555
4.4134 1.77741 -0.614835
0.228623 -0.913082 0.671289
-1.04515 -0.600446 -0.768574
1.67875 -4.14624 -1.08061
-4.04004 0.865954 -1.39024
-0.0680596 -1.26284 0.792506
-3.34459 0.394263 -1.60184
1.55434 -0.474669 0.95516
3.3333 -1.5017 1.58426
-0.128075 0.807684 0.632367
2.61134 0.784543 -1.46464
0.717624 -4.20616 -1.28722
-2.5692 4.13074 0.255634
4.67951 -0.770765 -0.64898
1.98818 -4.45749 -0.14909
-0.699841 4.29802 -1.2097
0.202156 4.83113 -0.391095
1.46139 1.28011 1.11073
-2.58706 -2.16308 1.60301
1.12967 -1.7084 1.16252
-4.41394 0.829802 -1.0595
-0.570987 -1.18236 0.813679
-2.33379 3.29287 -1.44729
3.72978 2.0836 1.2851
-3.11055 -0.0505661 -1.57124
-0.720951 2.70184 1.48741
-0.00486821 3.67035 1.58137
4.65203 -0.946984 0.637517
1.51646 4.14059 1.15365
3.23853 -3.60418 -0.347574
2.40399 -1.1799 -1.44519
1.65366 -4.16122 1.07359
3.2935 2.10927 1.50857
-1.45258 4.42352 0.818627
2.03775 3.59505 -1.38934
3.04106 2.52569 1.49054
0.757382 3.84916 1.50386
2.09366 -1.7662 1.46864
-2.84379 1.20669 -1.56911
3.52821 -3.3039 -0.391214
3.53452 1.68149 1.50779
-0.774687 4.75111 -0.464019
1.45289 -2.99126 -1.60129
4.25636 -2.402 -0.0401734
-0.77564 0.676853 -0.701614
-4.1587 -1.55595 1.11749
-2.88481 -1.75704 1.60224
3.10258 3.6821 -0.456569
0.269863 2.90928 1.52732
-0.0501461 -4.3773 1.18553
0.752004 -0.378415 0.640135
-2.46307 3.99777 -0.74698
-4.03871 -1.66297 -1.19566
-3.16025 -1.33225 1.60339
0.255748 1.47437 -0.895145
-0.93435 -4.7344 -0.425366
1.54347 -3.80335 1.40818
2.91387 -3.79246 -0.549195
-3.54402 -3.36081 0.0997818
-1.30845 -4.48024 0.799239
0.761234 4.4082 -1.07873
2.07491 1.87609 -1.48831
-0.743859 -2.61665 -1.46111
-1.66589 -3.81347 1.36926
-0.257239 1.58125 0.944959
-2.60101 4.11074 -0.264477
-4.55622 -1.12137 -0.750266
-3.45046 2.28186 1.3867
4.19031 0.22374 -1.34499
3.3244 -0.699236 -1.60394
4.13584 1.15579 -1.26454
-3.51423 1.8021 1.49126
0.958586 -3.00968 -1.58186
-3.13003 -0.90082 -1.5941
-2.4549 -3.79256 1.02445
-2.02791 -2.81958 -1.60321
4.20209 -1.51271 1.08837
1.98522 0.394907 1.15019
-2.37237 4.07765 0.700048
-2.80959 3.87202 0.550456
0.637665 0.419187 0.615599
-0.806088 -2.7026 1.49516
-2.10494 1.55583 -1.42235
1.7707 0.462841 -1.05471
1.82665 2.11158 1.4855
-1.17679 -1.85557 1.23681
1.04749 1.20425 -0.941556
3.36228 -0.215012 -1.60265
-3.5145 -3.12626 -0.727626
2.18785 0.617578 -1.27125
-1.90986 4.26355 0.788294
-0.437636 -0.375391 0.568985
-3.19865 3.15738 1.05473
-2.60251 -3.00026 1.48225
-3.36928 -0.464452 -1.60344
-0.287149 4.81354 -0.438323
-2.49941 -0.0646593 1.37409
0.275084 4.40498 -1.14867
-2.84876 -2.81112 -1.46649
-3.45678 0.80317 1.59837
4.07477 -1.21633 -1.30213
-2.62058 0.764536 -1.46536
1.34733 -0.0197987 0.828062
0.559616 2.81129 -1.51024
-3.7789 3.0033 0.420159
-2.11051 -2.98694 1.583
-1.02403 4.779 -0.0319505
-0.05336 -3.86401 -1.52599
-3.61457 -1.70937 -1.46739
3.71714 -3.17314 0.027875
0.945386 -1.39669 -0.984896
-0.308138 4.81611 0.419428
-2.12459 -4.39102 -0.169455
-2.33304 -2.56114 1.60302
4.87533 0.231464 0.14992
-4.66906 -0.356736 0.767131
0.456698 -1.42854 -0.896482
2.71885 3.96934 -0.468605
2.80741 2.11037 1.60171
2.99266 0.54163 -1.55665
-3.54389 -0.939285 1.58186
-0.344059 -4.6212 0.853317
3.36071 -2.8073 -1.18339
-0.423941 -3.5984 1.58878
2.84822 -1.30486 -1.57743
3.60418 0.834377 1.57466
0.639569 -1.68664 1.04201
-1.4964 -1.40811 -1.16716
-3.01918 3.54111 0.82253
-3.72916 2.11236 -1.27269
-4.88291 0.046066 -0.120179
0.70593 -1.80987 -1.11013
3.04646 3.76455 0.358
-3.54413 3.35077 0.162655
2.57809 1.97342 -1.59428
-0.300557 -1.04136 -0.721115
-3.84876 -1.28459 -1.43693
1.55794 -4.59243 -0.334485
-0.444678 1.13244 0.773639
4.55861 0.184939 0.96252
-1.02928 -4.26876 1.17301
-2.23155 -4.17397 0.670137
-4.67848 -1.41 0.039388
2.41708 3.26828 -1.43205
2.44312 -0.500864 1.37003
-0.87373 -1.5179 1.01685
2.2158 2.32421 -1.58976
1.73055 2.20929 -1.49045
-0.51431 -3.03935 -1.56754
2.1923 -0.924115 1.3199
3.72942 -0.994976 -1.52944
0.902722 0.0165555 0.659485
-1.66315 -2.59575 -1.56641
4.42284 -0.996771 -1.00463
1.1732 -0.968 -0.906719
-0.543613 4.85724 -0.0205695
1.67746 -1.72175 -1.3309
2.76125 -4.00581 0.247364
-3.48561 3.17035 -0.711761
-1.07259 3.05326 1.59219
-0.733986 1.48769 0.971024
-4.60865 -0.586161 -0.833149
1.62476 3.45652 -1.54103
-0.611419 -3.14401 1.58826
-1.03093 1.81774 1.18237
-3.56953 -1.38919 1.53781
-0.990481 4.51887 -0.868779
0.356131 0.84554 0.662543
-1.39491 -3.46178 1.56803
-1.90699 1.12854 -1.24516
-0.749003 -0.736921 0.709271
3.46385 3.35767 -0.429604
-0.0487005 4.88788 0.0120483
-0.882435 3.90744 -1.46481
0.723524 -4.0954 1.37076
-2.43593 -3.07389 -1.5038
2.437 3.67374 -1.15304
0.197815 0.678165 -0.60003
0.876476 2.11191 1.27781
0.219776 -2.62167 -1.42657
0.714522 -3.44353 -1.60059
0.697226 -1.00991 -0.77727
0.686638 -2.87838 1.53638
3.70375 -2.33822 1.18378
0.936304 -0.570178 -0.725866
-1.50156 0.274895 -0.909411
-0.911233 1.04366 0.84584
3.98761 -2.31816 -0.889733
0.456618 4.8655 0.0588876
2.79499 -3.79731 0.704228
1.18435 -2.93501 1.5815
0.190345 -2.8262 1.49961
-1.34123 2.15435 1.3893
-0.398179 -4.86391 0.141916
-1.94112 1.58489 1.37572
-1.91529 3.64628 -1.39905
2.54519 2.53124 1.59334
1.16065 3.33951 -1.5986
3.34709 0.406436 1.60159
4.74504 0.455778 0.592915
-0.830836 -4.55994 0.852483
1.42371 -1.35499 -1.12281
2.38986 -4.2625 0.0517534
-3.77321 0.0438635 1.55649
1.26176 2.10359 -1.35312
-1.79188 3.71246 1.39755
0.397694 3.67596 -1.57543
4.49 0.647333 1.00088
3.94256 1.6661 1.27571
3.81352 -1.56799 1.39699
2.4916 3.32309 1.37436
-1.80517 2.03642 1.46096
3.41602 -2.0157 -1.48471
2.52302 -0.149359 -1.38648
-4.51241 1.87694 0.0396379
3.77129 1.9399 -1.30849
-0.0242314 -2.22618 -1.24933
1.67807 -0.0507714 -0.98135
-4.08767 -2.33266 0.722518
4.29627 1.46146 -0.998387
1.94203 1.42579 -1.33419
-0.182574 -2.00648 1.146
-0.580457 3.15361 1.58869
4.73061 1.18087 0.18528
-1.73349 -0.979403 -1.13587
-4.60923 -0.125319 -0.890921
0.419099 0.224481 -0.550501
3.57754 -0.00673415 1.59445
-1.20731 -3.89814 1.42299
2.2867 -2.21529 1.58534
-4.30284 -0.409584 -1.24011
-1.91396 4.49615 -0.0319847
1.1921 -1.77444 -1.20561
-3.19686 3.63736 0.361506
-1.71765 4.49858 -0.456058
1.90906 -1.28489 -1.28421
-4.67155 1.1125 0.495883
1.97606 4.28073 -0.70644
3.53436 3.04269 -0.806034
4.8163 -0.762855 0.188129
1.3778 2.54516 -1.51816
4.68016 0.734961 -0.659289
-1.2264 -2.62236 -1.51989
-3.23393 -2.59908 -1.37926
1.28799 0.860536 0.919866
1.70802 -3.41119 -1.54381
-0.546866 -4.65774 -0.757696
-1.9943 -3.30941 -1.52696
-4.84052 0.545724 -0.218021
0.950902 -1.29576 0.94625
-2.56119 0.415554 1.41251
2.39361 3.9752 0.842954
-1.06497 0.636774 0.784446
-3.88529 1.52715 1.35995
0.805928 2.01076 -1.21962
1.37214 -3.38375 1.58499
-0.0318046 -3.04191 -1.55803
4.47297 -1.96571 -0.0849506
3.88466 -0.375074 1.51277
-2.18961 2.83319 -1.59409
-2.41855 -0.516616 -1.36185
3.30759 3.59726 -0.0259522
0.981976 3.40873 1.59831
0.6879 4.80017 -0.327979
-4.8459 -0.150907 0.339723
2.65528 -3.11943 1.41399
-2.39122 -0.497973 1.34763
-1.97802 -4.04694 1.04044
-0.0247192 4.65325 -0.822325
3.1136 -0.0480969 1.57241
2.39482 4.00392 -0.800105
3.87611 1.51338 -1.37016
-4.18574 0.239246 1.34771
0.101065 4.05179 -1.43915
1.50312 3.39443 1.57277
-0.793963 -1.02848 -0.807526
-1.55616 2.31095 -1.48505
1.41691 4.62038 0.3993
1.50726 2.99815 -1.60146
-0.893845 -0.270546 0.669966
-4.50445 0.43827 1.01554
-3.36777 -2.13284 -1.47275
-0.559604 -0.618785 -0.636334
0.321404 -2.0536 1.17781
-0.276593 -1.83619 -1.06753
1.99334 -0.487384 1.16437
-4.36836 0.0393686 -1.19382
1.99714 -3.84874 1.22691
-0.83158 2.65748 -1.48311
-1.17541 1.49811 -1.09086
2.43559 -2.93454 -1.54506
-3.09871 0.804706 -1.58791
-0.26385 0.400901 0.55157
-0.571896 0.0969695 0.569601
0.853969 -4.61525 0.747696
-1.44759 1.10602 -1.0512
4.78371 -0.00642784 0.546819
-2.42201 3.13339 1.48675
-3.33961 1.25303 -1.59655
-2.78864 2.05084 -1.60351
-2.12124 1.13071 1.33034
-2.0277 -1.64013 1.41805
-2.15698 2.36349 1.58613
-1.18841 4.19247 -1.20659
2.69176 2.45769 -1.58519
-4.38534 1.87523 0.587477
-4.8543 0.350065 0.248874
-2.17849 4.30063 -0.43779
1.26141 3.81302 1.45991
-2.7811 -3.39363 1.17557
1.39011 -0.514659 -0.888401
2.57626 1.68019 1.56452
0.764095 -4.81896 -0.165437
0.461498 -3.85985 -1.51808
0.182047 0.402369 0.543833
2.40816 -2.08567 -1.58578
3.8581 2.67144 -0.748985
-3.81725 0.423386 -1.53446
4.64926 1.44164 -0.240039
-2.13455 4.33815 0.386201
4.64415 -1.50127 -0.142484
2.43389 -4.11815 0.550555
-3.27177 -0.574019 1.6007
0.444653 -4.49114 -1.03005
-0.264034 -2.62539 -1.43132
1.4887 4.65362 -0.069937
-1.94917 4.23378 -0.806521
-2.1905 -0.951895 -1.32445
-1.87206 -3.39206 1.52239
1.94525 -2.96922 -1.5988
0.765585 -0.868446 0.749226
1.0356 4.66931 0.549837
-2.63671 -3.95865 -0.613884
2.31216 2.10702 1.57463
3.3969 -3.51294 0.0431785
3.39208 3.43245 0.423891
-1.2047 1.36155 1.04866
-4.12317 -0.255427 1.3902
3.26561 -2.33588 1.46006
1.84056 4.50146 0.258836
-0.0682709 4.64844 0.827731
0.828644 -4.78348 0.304422
1.17308 1.70239 1.17211
1.40596 -4.44665 -0.806396
2.406 1.55185 -1.51045
3.61128 -2.40571 -1.22517
-2.88329 -0.488618 -1.52727
-2.39611 -3.51967 -1.29689
-4.09868 2.07154 -0.920631
4.14064 -0.74765 -1.33755
-0.314826 -0.193151 -0.532209
-3.34781 -1.78986 1.54886
1.78222 -0.0391709 1.03198
4.28385 -2.17449 -0.492663
0.701606 1.55628 -0.994822
-2.89644 -2.27298 -1.57884
1.73402 0.842465 1.10297
-2.62803 2.22576 1.60328
2.65952 3.61797 1.05877
3.38539 -0.467813 1.60464
4.31323 -0.202949 1.24268
-3.14668 -3.40332 -0.853788
-2.70674 1.77258 1.59147
0.871574 -3.31865 1.60339
3.63606 2.814 0.912933
4.02611 -1.13827 1.35347
-3.56891 -2.16366 1.35995
2.8721 -1.39404 1.58624
-2.1086 3.93684 1.08726
-3.13464 -1.77076 -1.59105
-1.26849 -4.72017 -0.0362486
-1.96695 -3.76704 -1.30315
-0.540691 -4.33638 1.19463
-1.2817 -0.162194 -0.804632
-4.39257 -0.560959 1.13308
3.48174 -3.06494 0.847845
-1.63077 4.09649 1.15196
2.17592 0.825335 1.29635
-1.2745 2.61999 -1.52425
-1.51204 -0.574934 -0.951152
-3.59048 -0.0252531 -1.59307
2.91488 -2.06317 -1.59593
4.50571 -1.4041 0.699244
-1.50672 -4.17988 1.11678
0.575584 2.51281 1.40766
-4.17755 1.72503 1.02275
-2.2486 -1.23528 1.40206
-2.29747 2.00038 -1.55944
4.2936 1.55833 0.955505
-4.34224 1.64545 -0.839712
-1.36531 1.89785 -1.30112
4.48725 0.469475 -1.03046
-3.09777 -2.19731 1.54986
-0.0191441 1.82831 -1.05486
-2.92421 0.109173 1.52725
3.65446 -1.52945 -1.48647
2.60724 4.07863 0.365669
2.80065 3.6987 -0.844181
0.601825 4.09851 -1.3833
0.256884 -4.09036 1.41254
1.30839 -2.12237 1.3699
-2.53518 -0.862729 1.44574
-1.37633 -4.59754 -0.508084
4.60354 -0.228319 0.893066
1.96778 4.07626 1.01305
-2.32449 -3.89902 -0.994572
1.49256 -2.55126 1.53517
4.00579 0.0361267 1.46366
1.29296 -4.42539 0.892244
-0.55563 0.247699 -0.576229
4.19566 2.49585 0.135222
1.2589 -0.898605 0.918387
2.65141 -3.29895 -1.3155
4.19498 -1.90989 -0.892367
-3.42759 2.50735 -1.30555
-0.946951 3.51517 1.58597
1.63528 3.90298 -1.31696
1.50006 1.30854 -1.13413
-3.8156 -2.05511 -1.22854
1.6073 1.7627 -1.32406
1.90921 -1.33548 1.29792
1.20802 -4.18965 -1.20379
1.18747 -0.114547 -0.763489
0.43905 4.66126 -0.768685
4.41875 1.08113 0.982246
3.97277 -1.93915 1.14168
-2.42074 -1.71799 1.5389
-2.44421 -2.57935 -1.59842
3.17033 -2.45401 -1.46371
-0.238631 -4.02608 1.44945
4.50126 -0.62765 0.986116
2.27494 2.94952 1.56785
-2.67643 -1.77643 -1.58915
-2.75331 3.37452 1.20861
-2.18282 -1.78647 -1.49489
-2.91151 -3.88243 0.316126
-0.264381 -0.833131 0.648846
0.70496 1.69284 1.0562
3.08723 -3.19866 -1.11168
1.10583 0.435748 0.762124
-0.979566 0.212011 0.691752
-4.56925 -1.55294 -0.420241
2.91268 -0.419373 -1.53328
-0.699454 4.32648 1.18172
-4.37708 1.99219 -0.476833
3.39303 0.273842 -1.6028
0.0044616 -2.4101 1.33323
3.09337 -3.11886 1.17035
4.03019 -1.62696 -1.21853
-3.60631 2.90144 0.865141
3.18864 -0.96188 1.60174
2.25449 1.0885 -1.37488
3.36394 3.18458 0.855869
-0.727956 -3.96876 1.44884
2.77252 2.9294 1.4496
-0.0913253 -0.0154481 0.508139
-4.36516 -1.59919 -0.828354
-4.46 -1.36655 0.801501
1.21372 4.45891 -0.877025
3.49369 2.49445 1.26711
3.87938 2.41579 0.951377
4.8611 -0.0222954 -0.276498
0.7545 2.96961 1.56291
1.71737 4.37915 0.72927
0.210801 -4.22719 -1.31566
-1.93249 3.2797 1.54714
1.92484 -2.10804 -1.50565
-4.294 -1.86187 0.772216
-1.5176 3.34353 -1.58074
4.72239 0.228098 -0.678248
-3.21015 3.52113 -0.594794
1.00249 1.2859 0.957497
3.96006 2.6903 0.540639
1.62369 -0.933185 -1.07798
3.79055 -2.67931 0.843519
3.40959 -2.73115 1.19528
4.5566 1.37129 0.608781
-2.16064 0.730295 -1.27633
2.161 -1.65766 -1.46194
-3.5107 1.29738 1.56307
-2.05042 2.82317 1.60214
-3.58837 0.84332 -1.57789
-2.92869 3.9125 0.0506166
2.67289 -4.06421 -0.259445
3.82794 -1.99321 -1.247
3.71591 -0.793063 1.54901
3.13376 2.59234 -1.43173
-4.71846 0.143259 0.696184
-1.04295 -4.19491 -1.23971
-0.248889 -4.20975 -1.32836
4.82596 0.71132 0.170281
-4.29493 -1.0567 1.13613
-0.505636 4.60597 -0.856364
-3.5637 -3.17751 0.572529
0.279025 3.95505 1.4845
-0.763056 -3.46822 -1.59764
2.4224 0.381816 1.35309
-3.87898 1.02405 1.45995
4.87172 -0.267118 0.148109
-4.86706 -0.446815 -0.0412942
-0.548656 3.54343 -1.59403
4.00414 -2.80451 -0.0040965
0.426342 2.36469 -1.33018
1.05505 2.53925 1.47274
1.85626 -4.36644 -0.64627
-2.57713 1.60394 -1.55724
0.503516 -2.4576 1.37703
-1.82524 -2.56537 1.57929
3.14707 -3.44076 0.804836
-1.43871 3.40463 1.57593
-3.7052 -0.441426 1.56654
-3.00856 2.50588 1.50574
0.226994 -4.69216 -0.741143
4.17864 -0.263657 -1.35206
1.59567 4.24282 -1.00594
-4.2119 1.23147 1.17435
3.64237 3.2596 0.0255342
-0.889147 1.88044 -1.17748
-2.21315 -4.201 -0.632488
2.95464 3.26259 1.1607
2.82364 3.35031 -1.18064
-4.72026 0.636638 0.603791
-4.03317 -0.00716006 -1.44925
-0.109109 -4.5247 -1.012
-4.07894 2.66738 0.19453
-2.60695 -3.97645 0.61767
3.83147 0.438349 1.53009
-4.55422 0.375098 -0.952527
-3.84267 2.01653 1.22224
1.15389 1.65789 -1.14979
-2.36009 -3.39225 1.39056
-0.237162 1.46306 -0.889576
0.366877 1.93381 -1.12387
-0.498241 -2.35042 1.33106
3.80345 -0.000308392 -1.54818
-0.273962 4.05916 1.43033
0.0953624 -4.63475 0.850319
-1.02146 -1.42421 -1.01717
-3.90211 -2.42847 -0.913268
0.951831 -2.1893 -1.32301
-0.703741 1.48639 -0.966465
0.693584 -0.174675 -0.602982
-0.230139 2.79807 1.49121
-2.28006 3.5574 1.32288
3.77827 1.24251 1.47791
2.33499 2.80174 -1.58543
-0.830735 -4.81515 0.0504665
2.3859 -1.35911 1.4694
-1.10557 -3.07516 1.59523
-2.76845 3.30021 -1.25199
1.61289 -1.73486 1.31519
3.04551 2.10076 -1.57515
-1.7072 -4.57543 -0.107821
-3.07891 1.05875 1.5949
2.80856 -3.58915 -0.969136
0.709191 -2.60383 -1.45285
-4.51896 -1.86184 -0.0248526
-4.2173 0.734471 1.2758
3.03673 1.04642 -1.58773
-2.8656 0.360175 -1.51645
-1.72959 -1.81811 -1.37884
-1.58581 -3.57326 -1.50926
1.98806 -2.6116 1.59791
-3.25434 -3.54919 0.458527
1.26094 2.96965 1.59164
-4.68353 0.716693 -0.655626
4.37843 -1.06836 1.03686
-1.77567 -4.35584 0.727011
-2.422 -1.36049 -1.48243
-1.64659 1.27502 1.1807
-1.5137 -4.00143 -1.28034
3.18071 3.38284 -0.838575
-0.629971 0.640029 0.656345
0.821124 4.51429 0.924055
-4.11246 2.41214 -0.588454
-2.4042 0.327139 -1.34069
-0.510494 -2.22385 -1.2745
-1.24795 -1.81289 -1.23847
-0.429499 1.88312 -1.10696
-0.30635 -2.76951 1.48409
-4.49644 0.929051 0.920071
-3.27981 2.09616 -1.51646
1.54486 2.53805 1.53976
4.06738 -2.277 0.808476
0.0168611 1.08408 -0.721087
-4.01966 -0.75335 1.41709
-0.91243 -3.53345 1.58464
-1.24875 0.687573 -0.86324
2.48465 -2.67937 1.5839
-3.59439 -2.4146 -1.23162
-0.583799 2.27305 -1.3047
4.58894 1.63046 0.218037
4.70529 -1.23931 0.256139
-4.53787 1.196 -0.751455
3.10059 0.823809 1.58925
-3.81168 2.86658 -0.586634
-1.47134 4.39356 -0.857352
0.665629 -4.70354 -0.628982
-0.390509 2.35924 1.32557
3.54611 -1.94569 1.44421
4.17269 0.703241 -1.31619
1.79569 -2.16264 1.4936
0.904601 0.264705 -0.672858
2.21716 -0.0547345 1.24494
-4.57879 1.55619 0.383484
-1.06784 2.25491 -1.37109
-3.07204 1.65381 -1.60298
1.68854 -2.54934 -1.56169
-0.686574 -1.94049 1.16698
-4.46812 -0.05897 1.08672
-2.19519 0.665048 1.28241
4.50016 -0.0246735 -1.04817
-0.077934 2.01466 1.14644
-2.4263 3.66285 -1.17082
3.12767 -3.68659 0.389055
-2.97571 2.49554 -1.51973
4.11219 1.87781 -1.02171
-4.73864 1.04774 -0.319125
-0.605419 -3.93561 -1.47744
3.03159 -3.83184 -0.0589885
2.76876 3.8283 0.685289
3.7525 -2.71476 -0.860259
-2.53553 2.68336 1.57675
3.80595 -2.96393 -0.432003
0.902046 2.44804 -1.41824
-3.13681 1.56125 1.60006
-3.85201 -2.98445 0.209414
0.237534 3.19826 -1.58921
-3.37904 0.329852 1.60396
-0.376537 -1.6041 0.966174
-4.76595 -0.740703 -0.4301
3.15713 -1.64365 -1.59785
-1.2982 3.84476 1.43619
-2.36797 1.16308 -1.43061
-0.224184 3.13341 -1.57845
3.46361 2.25921 -1.38675
2.02975 3.97863 -1.08664
3.8032 1.00406 -1.49762
-2.82571 3.64403 -0.892045
-3.84039 3.02129 -0.0680256
-3.10274 2.90413 -1.30133
-1.20378 2.59904 1.51074
-1.0375 0.257649 -0.716244
4.15251 2.24777 -0.694376
-1.51587 -2.1984 1.44321
4.83915 0.479581 -0.269537
-1.70806 0.704862 -1.06353
-1.0043 -2.27845 1.36829
-0.692276 3.08428 -1.58188
1.42797 0.840594 -0.970817
2.38802 -3.70375 -1.15388
2.10194 1.68441 1.45041
2.86229 -0.888555 -1.54736
2.57995 -1.81086 1.5804
4.13005 1.2553 1.2433
3.31864 1.25398 1.59704
3.79929 -2.96231 0.450388
0.401584 -0.0509831 0.536861
4.05934 -2.58481 -0.467106
1.68614 -4.43372 0.644661
1.43898 -2.15168 -1.40969
-4.14905 -2.39899 -0.524145
-1.95354 0.298199 -1.12719
-4.06061 2.67904 -0.250175
-2.49325 2.44664 -1.60257
-2.6415 -0.0796418 -1.43123
-0.0632556 0.242205 -0.51722
-1.38835 3.78945 -1.44864
0.99882 -2.50163 1.4511
-0.058464 -4.81757 0.448169
4.43731 0.962336 -0.992821
-3.20511 -3.68965 -0.0266771
-0.285992 0.675412 -0.607829
0.187099 -0.199229 -0.519731
-1.48241 4.658 -0.0300302
-3.8152 2.49934 -0.96632
-2.76471 1.32485 1.56188
0.818526 -2.08894 1.25693
-2.90174 3.84492 -0.455476
2.17919 -3.07152 1.55886
4.39121 1.83974 0.602924
-1.21556 -0.614485 0.834834
0.22772 1.65598 0.978195
-3.48466 -2.91241 0.994335
-3.84294 -2.77175 0.66022
-3.3434 2.73486 1.2421
0.201293 -1.03656 -0.710416
-1.66665 4.05689 -1.1758
3.41609 0.776705 -1.60101
-3.85865 -0.44188 -1.51995
-4.12383 -2.56792 0.296074
-3.20375 -3.30572 0.90405
1.35027 0.352418 -0.849211
-1.48689 1.7119 1.26905
-0.996371 -2.21625 -1.34421
0.17386 4.81306 0.457761
-0.131601 -4.78024 -0.552666
4.59895 -1.25228 -0.589862
4.40414 2.08475 0.200068
-0.366295 2.67725 -1.45582
2.91441 -2.87826 -1.41369
-4.77196 0.218824 -0.565325
-0.0799635 3.24472 1.59232
1.78086 -0.51004 -1.06628
-1.0047 -4.52005 -0.860749
-0.294995 4.41606 1.13306
-1.27238 -1.00758 -0.953969
-1.00041 -3.01364 -1.5823
2.15866 4.26194 0.566299
4.83608 -0.526393 -0.258006
0.0283046 -0.452655 0.546271
1.12623 -0.460706 0.773181
0.0957207 2.4496 1.35391
1.86518 -3.45061 1.50402
-0.610862 -4.37392 -1.14571
1.28137 3.75476 -1.48223
-0.535168 -1.4398 -0.913915
-2.14361 0.199847 1.2132
-3.97154 -2.04385 1.08605
-1.83245 1.94052 -1.44345
-4.58136 1.54939 -0.389448
-3.26056 3.63298 -0.135506
3.1963 -3.44114 -0.74266
-2.89748 -1.33821 -1.58573
-3.93891 -1.22451 1.39456
-4.68155 -1.15171 0.43667
3.42971 1.30669 -1.581
2.90984 -0.510516 1.53695
2.30841 4.24696 -0.39084
2.76061 -3.49616 1.1022
-2.4776 -4.19611 0.205645
-2.0632 -0.281477 1.17926
-0.789711 4.76626 0.407266
2.00753 3.37065 1.50356
-0.389105 3.99036 -1.46321
2.87303 0.384352 1.5192
-2.57662 0.924153 1.46685
-1.05922 -1.07459 0.900395
-1.253 4.64681 -0.469128
-4.22548 1.26862 -1.15001
2.28091 -4.23992 -0.460954
-1.21395 -3.37961 -1.59192
4.33486 -2.15218 0.37654
-2.01328 -4.42218 0.292438
2.41582 -3.85044 0.987605
0.0922031 2.72556 -1.464
-1.54732 -4.58949 0.361804
-3.9958 1.69446 -1.22376
2.7808 -2.28246 1.59264
1.97809 3.13596 -1.5738
-3.15239 3.26375 -0.997737
-4.38309 -1.981 -0.472024
-4.80631 0.849457 0.14116
-1.81366 0.885149 1.14869
2.04139 2.53248 1.5933
-1.95591 -1.38178 -1.32739
1.00774 0.749909 -0.789409
-4.2793 2.2652 0.366954
-1.9658 -0.546084 -1.15909
-0.798902 3.95836 1.44798
2.12602 -4.06672 -0.926246
2.1242 0.140284 -1.20203
4.08509 -2.57167 0.421132
0.827427 0.861099 0.763478
3.84674 2.31139 -1.06173
0.446296 -0.6114 -0.614304
0.441434 3.42313 1.60375
2.24476 4.33706 0.10291
2.0579 -4.38444 0.360297
2.58895 4.14205 -0.0728145
-2.29974 4.31179 -0.0218153
4.76518 -1.02064 -0.20753
-4.38681 -0.840744 -1.08616
0.379345 4.59697 0.889838
-0.978576 1.09243 -0.883127
2.12173 -0.324723 -1.21228
-2.04609 -2.1076 1.5317
-2.83378 -3.97506 -0.136301
0.634759 4.76155 0.494733
2.22124 3.71795 1.23291
-0.80772 -0.181236 -0.633968
3.81252 0.49638 -1.53269
2.95246 0.0589056 -1.53684
-0.0456032 -4.88466 -0.0738387
2.65995 -0.0635705 1.4387
0.895668 -4.37035 1.09368
-1.79865 -1.27493 1.23795
-1.60346 -3.00806 1.603
-4.04845 -2.72357 -0.163559
-4.53631 -1.64887 0.417544
3.18929 3.01844 -1.17244
-1.10875 -3.80535 -1.48474
1.13755 4.13624 -1.2699
0.556516 1.08174 -0.772671
1.43476 -1.31734 1.11327
1.5494 0.414179 0.945898
-4.30929 -2.30306 -0.0848796
0.453513 -4.45191 1.07908
-4.35341 -2.1198 0.363581
-4.70913 -1.15719 -0.331329
-3.30704 -0.141036 1.59944
-1.44585 -4.34748 -0.937447
0.700961 3.27782 -1.60308
2.8362 1.25048 1.56993
-4.44686 1.41065 0.800732
1.91346 1.26463 1.28032
-4.09986 2.1823 0.83793
-1.53317 -0.941216 1.03929
-4.05572 -0.846876 -1.38144
-3.06234 -2.99346 1.27668
1.2668 -4.64169 0.46675
-4.30366 2.3093 -0.114591
-3.0298 -3.72154 -0.510396
3.60542 -1.18932 1.54991
-1.68209 2.48736 1.54837
-0.495932 1.08169 -0.761794
-1.3998 0.877018 0.968525
-1.07966 -4.69977 0.437217
-1.64206 1.51916 -1.25349
1.91774 4.47576 -0.234169
0.861045 4.63662 -0.704014
-3.96675 2.60147 0.644239
3.06189 1.68407 1.60238
2.95354 1.58709 -1.60199
1.57428 4.51126 -0.56374
0.93719 -4.48301 -0.93675
3.06507 -1.88629 1.59235
-4.69597 1.34882 0.035122
-4.79732 -0.267558 -0.485985
-3.85462 -2.79011 -0.609354
-2.89986 -3.66701 0.785361
4.5145 1.84336 -0.173824
-1.73887 -0.13764 -1.01292
-3.61451 -0.879481 -1.56966
-3.09007 2.04044 1.57334
1.72748 -0.910541 1.11598
2.36831 1.25263 1.44485
2.6721 -0.942134 1.5009
-0.298118 -3.48519 -1.6024
-2.69672 -1.30823 1.54592
-2.37767 1.43602 1.48083
-2.84225 -0.409945 1.51176
3.23562 2.88938 1.22648
0.425273 -0.547701 0.597919
-2.74923 -3.65191 -0.951785
2.67754 -2.49553 -1.58285
3.29639 -1.17937 -1.60159
-0.870823 2.2595 1.34032
-3.42108 3.29433 0.635385
0.321026 -4.84034 -0.324407
-3.74653 2.47388 1.05919
-3.81789 1.28367 -1.45366
0.402146 2.07971 1.19611
3.93938 2.8901 0.0814464
-1.17885 3.02161 -1.59264
-1.67474 2.81683 -1.59541
1.04226 4.19353 1.24141
-0.462647 3.61601 1.58524
-0.557952 1.92506 1.14224
-1.40176 0.350485 0.872761
3.77396 -0.494243 -1.54706
4.18832 2.28063 0.584944
0.210425 -3.45464 -1.60266
-0.21137 4.36777 -1.1908
2.62652 0.817881 1.4721
-3.32309 -2.58504 1.33544
4.34523 -1.45453 -0.933428
1.11119 -4.67369 -0.493969
0.619891 0.629674 -0.652702
1.93782 -3.78297 -1.30311
-2.9966 -0.905024 1.57689
0.532467 1.27323 0.842439
-2.65917 2.89672 -1.50028
0.0689043 -3.66214 1.58259
1.84251 0.95353 -1.17515
-3.57147 -2.7777 -1.01484
4.76719 0.973161 -0.255904
-1.77923 0.485441 1.06132
0.215427 -1.8312 -1.06143
-2.84618 -2.59908 1.53083
-4.5843 -0.86071 0.802443
-2.02175 -0.806529 1.22496
-2.26135 1.90486 1.53537
-3.79503 -1.72256 1.36426
-4.2245 0.447215 -1.30386
-1.327 -0.136978 0.822263
1.8597 2.6634 -1.59258
3.07151 3.5237 0.782317
-2.0012 2.40063 -1.57417
3.53049 2.67408 -1.13194
1.34937 2.11855 1.37821
1.76898 2.96239 1.60386
4.6746 0.912658 0.60278
-0.07386 3.60842 -1.59188
2.78341 2.93276 -1.44445
-3.50045 2.86836 -1.01399
4.57411 1.25385 -0.646334
-2.97975 0.605706 1.55793
-4.14869 -2.02939 -0.877979
2.33106 -3.49691 1.34065
3.69401 3.07472 0.487262
