814 57 
57 149 
149 814 
47 293 
293 72 
72 47 
149 846 
846 447 
447 149 
483 846 
846 293 
293 483 
291 726 
726 57 
57 291 
47 387 
387 293 
387 483 
447 804 
804 149 
804 814 
937 387 
47 937 
387 862 
862 483 
483 394 
394 846 
910 68 
68 394 
394 910 
394 447 
68 447 
365 291 
57 365 
814 365 
72 726 
726 636 
636 72 
636 47 
355 862 
387 355 
937 355 
888 804 
804 697 
697 888 
447 697 
68 697 
843 365 
814 843 
2 365 
843 2 
546 937 
47 546 
636 546 
131 253 
253 291 
291 131 
365 131 
2 131 
291 97 
97 726 
253 97 
97 636 
925 636 
97 925 
529 355 
355 119 
119 529 
529 862 
862 769 
769 483 
769 394 
769 910 
502 697 
68 502 
843 949 
949 2 
129 636 
925 129 
129 546 
925 114 
114 129 
546 390 
390 937 
97 512 
512 925 
253 512 
499 769 
862 499 
499 139 
139 43 
43 499 
529 499 
529 139 
181 499 
43 181 
181 769 
181 910 
181 744 
744 910 
66 512 
253 66 
140 512 
66 140 
604 131 
2 604 
156 529 
119 156 
156 139 
155 470 
470 263 
263 155 
744 553 
553 910 
553 68 
553 502 
486 181 
43 486 
486 744 
502 771 
771 697 
502 470 
470 771 
771 888 
474 432 
432 623 
623 474 
623 471 
471 474 
432 284 
284 623 
48 804 
888 48 
48 814 
48 843 
24 877 
877 949 
949 24 
142 877 
24 142 
24 474 
474 142 
24 432 
566 66 
253 566 
131 566 
604 566 
604 967 
967 566 
66 654 
654 140 
69 604 
2 69 
949 69 
877 69 
877 564 
564 69 
525 156 
119 525 
252 36 
36 471 
471 252 
909 472 
472 263 
263 909 
470 909 
502 909 
553 909 
701 486 
43 701 
844 486 
701 844 
156 383 
383 139 
646 274 
274 472 
472 646 
909 646 
646 553 
744 646 
648 486 
844 648 
646 648 
648 274 
648 744 
274 979 
979 472 
155 830 
830 470 
830 771 
505 474 
471 505 
36 505 
36 668 
668 505 
505 142 
283 655 
655 574 
574 283 
655 114 
114 574 
885 94 
94 666 
666 885 
574 885 
885 283 
574 94 
140 94 
94 7 
7 140 
512 7 
7 925 
7 114 
7 574 
80 655 
283 80 
256 655 
655 237 
237 256 
129 256 
256 546 
114 256 
256 390 
237 390 
329 525 
525 969 
969 329 
24 8 
8 432 
949 8 
843 8 
48 8 
881 94 
140 881 
654 881 
881 666 
566 707 
707 66 
707 654 
967 707 
252 201 
201 36 
163 471 
623 163 
163 252 
701 583 
583 844 
583 441 
441 844 
441 379 
379 844 
379 648 
379 274 
290 701 
43 290 
139 290 
383 290 
813 383 
156 813 
813 525 
329 813 
771 612 
612 888 
830 612 
830 784 
784 612 
784 284 
284 612 
760 885 
666 760 
420 157 
157 6 
6 420 
69 718 
718 604 
718 967 
564 718 
564 807 
807 718 
762 877 
142 762 
762 564 
962 188 
188 901 
901 962 
668 823 
823 901 
901 668 
618 762 
762 188 
188 618 
618 807 
564 618 
50 505 
668 50 
901 50 
188 50 
50 142 
50 762 
655 538 
538 237 
80 538 
969 608 
608 329 
547 321 
321 608 
608 547 
390 12 
12 937 
355 12 
12 119 
237 113 
113 390 
113 12 
8 346 
346 432 
612 346 
346 888 
346 48 
346 284 
796 830 
155 796 
155 92 
92 796 
796 784 
985 784 
796 985 
661 155 
263 661 
661 92 
22 661 
661 514 
514 22 
22 92 
284 527 
527 623 
527 163 
784 527 
985 527 
369 619 
619 506 
506 369 
251 619 
369 251 
943 667 
667 40 
40 943 
40 630 
630 943 
367 979 
979 943 
943 367 
630 367 
630 514 
514 367 
630 685 
685 514 
583 75 
75 441 
75 247 
247 441 
583 137 
137 75 
137 897 
897 75 
979 221 
221 943 
221 667 
274 221 
379 221 
848 369 
506 848 
619 467 
467 506 
352 897 
137 352 
783 897 
352 783 
290 21 
21 701 
583 21 
21 137 
438 813 
329 438 
608 438 
321 438 
885 481 
481 283 
760 481 
760 822 
822 481 
822 420 
420 481 
420 871 
871 157 
871 513 
513 157 
999 513 
871 999 
822 871 
834 420 
6 834 
834 481 
834 80 
283 834 
901 766 
766 962 
823 766 
36 212 
212 668 
212 823 
201 212 
10 538 
80 10 
834 10 
453 945 
945 10 
10 453 
945 538 
6 453 
10 6 
683 608 
969 683 
683 547 
719 683 
683 421 
421 719 
969 421 
113 507 
507 12 
507 969 
525 507 
507 421 
113 421 
119 507 
434 321 
547 434 
547 143 
143 434 
985 85 
85 158 
158 985 
158 527 
158 163 
670 652 
652 348 
348 670 
567 652 
652 761 
761 567 
557 85 
85 318 
318 557 
318 818 
818 557 
557 158 
980 818 
318 980 
85 159 
159 318 
123 428 
428 572 
572 123 
428 239 
239 572 
168 913 
913 601 
601 168 
9 414 
414 190 
190 9 
991 414 
9 991 
661 240 
240 514 
240 367 
263 240 
240 979 
472 240 
825 22 
514 825 
685 825 
159 22 
22 511 
511 159 
825 511 
300 511 
825 300 
685 300 
535 685 
630 535 
193 220 
220 535 
535 193 
535 40 
40 193 
422 591 
591 220 
220 422 
876 663 
663 265 
265 876 
422 372 
372 591 
889 663 
876 889 
889 511 
300 889 
300 983 
983 889 
983 663 
633 897 
783 633 
153 379 
441 153 
153 221 
153 247 
247 791 
791 153 
153 667 
791 205 
205 153 
205 667 
162 971 
971 168 
168 162 
753 848 
506 753 
327 467 
619 327 
650 768 
768 783 
783 650 
352 650 
688 768 
650 688 
813 679 
679 383 
434 302 
302 321 
613 513 
513 797 
797 613 
999 797 
95 896 
896 208 
208 95 
677 446 
446 693 
693 677 
627 677 
677 261 
261 627 
31 766 
823 31 
104 78 
78 391 
391 104 
175 446 
446 330 
330 175 
357 421 
113 357 
538 357 
357 237 
357 719 
357 945 
945 719 
714 881 
654 714 
816 188 
962 816 
816 618 
358 434 
143 358 
358 750 
750 913 
913 358 
490 677 
693 490 
490 261 
670 166 
166 652 
638 761 
761 166 
166 638 
670 883 
883 166 
883 242 
242 166 
652 599 
599 348 
567 599 
599 95 
95 348 
818 567 
567 730 
730 818 
730 557 
761 730 
876 980 
980 409 
409 876 
409 889 
409 511 
318 409 
159 409 
22 556 
556 92 
159 556 
85 556 
985 556 
796 556 
468 616 
616 620 
620 468 
363 468 
620 363 
255 468 
363 255 
108 513 
613 108 
108 157 
528 345 
345 176 
176 528 
345 108 
108 176 
613 833 
833 176 
176 613 
428 459 
459 239 
428 750 
750 459 
686 17 
17 143 
143 686 
547 686 
683 686 
309 572 
239 309 
488 572 
309 488 
309 299 
299 488 
176 214 
214 528 
833 214 
575 601 
601 249 
249 575 
249 750 
428 249 
249 913 
123 249 
123 575 
501 40 
667 501 
205 501 
501 193 
205 118 
118 501 
328 118 
118 270 
270 328 
685 451 
451 300 
535 451 
220 451 
591 451 
451 983 
591 983 
268 372 
372 900 
900 268 
422 900 
33 220 
193 33 
33 422 
983 610 
610 663 
372 610 
610 591 
633 49 
49 897 
75 49 
49 247 
907 884 
884 121 
121 907 
884 777 
777 121 
121 757 
757 907 
121 327 
327 757 
467 887 
887 506 
467 87 
87 887 
87 768 
768 887 
688 887 
887 753 
688 753 
465 352 
137 465 
21 465 
500 290 
383 500 
679 500 
500 21 
500 465 
438 18 
18 813 
18 679 
162 596 
596 971 
162 848 
848 596 
753 596 
758 302 
434 758 
758 913 
168 758 
971 758 
971 302 
758 358 
797 127 
127 613 
127 833 
584 341 
341 127 
127 584 
341 833 
336 899 
899 406 
406 336 
208 998 
998 95 
998 348 
984 208 
896 984 
656 208 
984 656 
446 469 
469 330 
677 469 
627 469 
951 627 
261 951 
261 998 
998 951 
208 951 
951 30 
30 627 
656 951 
656 30 
166 898 
898 638 
242 898 
898 201 
201 638 
898 212 
212 689 
689 823 
689 31 
898 689 
628 31 
689 628 
689 242 
242 628 
285 31 
628 285 
839 175 
175 46 
46 839 
881 59 
59 666 
714 59 
759 714 
714 4 
4 759 
4 865 
865 759 
654 4 
707 4 
275 707 
967 275 
275 4 
275 865 
370 816 
962 370 
370 77 
77 103 
103 370 
77 227 
227 103 
987 644 
644 385 
385 987 
396 644 
644 895 
895 396 
296 385 
385 396 
396 296 
699 396 
895 699 
743 555 
555 987 
987 743 
369 244 
244 251 
601 560 
560 168 
560 162 
490 120 
120 261 
998 120 
120 348 
120 670 
242 215 
215 628 
883 215 
917 599 
567 917 
818 917 
980 917 
347 761 
638 347 
347 730 
201 347 
252 347 
781 39 
39 349 
349 781 
884 349 
349 777 
916 672 
672 452 
452 916 
590 128 
128 808 
808 590 
956 206 
206 184 
184 956 
288 808 
808 184 
184 288 
959 732 
732 805 
805 959 
178 1000 
1000 805 
805 178 
537 664 
664 238 
238 537 
238 278 
278 537 
442 664 
537 442 
442 401 
401 664 
720 255 
255 782 
782 720 
905 732 
959 905 
477 720 
720 905 
905 477 
782 905 
316 554 
554 780 
780 316 
780 812 
812 316 
218 9 
9 616 
616 218 
468 218 
218 991 
255 425 
425 782 
363 425 
311 543 
543 96 
96 311 
11 543 
311 11 
576 989 
989 497 
497 576 
616 576 
576 620 
576 310 
310 620 
497 310 
954 920 
920 35 
35 954 
838 920 
954 838 
988 787 
787 645 
645 988 
62 108 
345 62 
62 973 
973 453 
453 62 
345 973 
6 62 
157 62 
429 459 
750 429 
429 358 
143 429 
17 429 
976 345 
528 976 
976 973 
225 945 
453 225 
973 225 
225 719 
530 309 
239 530 
530 976 
528 530 
309 550 
550 299 
530 550 
214 550 
550 528 
257 214 
833 257 
257 341 
341 626 
626 257 
414 351 
351 190 
414 128 
128 351 
590 351 
992 873 
873 590 
590 992 
992 808 
288 992 
126 93 
93 798 
798 126 
13 341 
584 13 
941 328 
328 981 
981 941 
981 33 
33 941 
941 118 
193 941 
501 941 
145 900 
422 145 
33 145 
981 145 
852 265 
663 852 
610 852 
768 926 
926 783 
926 633 
926 662 
662 633 
87 926 
87 91 
91 926 
91 662 
607 205 
791 607 
118 607 
607 270 
327 132 
132 467 
121 132 
132 87 
132 91 
132 777 
777 91 
810 107 
107 907 
907 810 
757 810 
289 18 
438 289 
321 289 
302 289 
609 1000 
178 609 
609 536 
536 1000 
515 725 
725 625 
625 515 
402 515 
625 402 
643 611 
611 914 
914 643 
914 402 
625 914 
258 192 
192 100 
100 258 
489 152 
152 331 
331 489 
331 386 
386 489 
230 152 
152 629 
629 230 
230 30 
656 230 
629 30 
615 896 
896 466 
466 615 
615 984 
899 984 
615 899 
615 406 
198 285 
628 198 
215 198 
215 78 
78 198 
104 198 
356 227 
77 356 
31 461 
461 766 
285 461 
175 229 
229 46 
229 789 
789 46 
330 448 
448 229 
229 330 
122 839 
46 122 
839 933 
933 175 
446 933 
933 693 
933 391 
391 693 
521 760 
666 521 
59 521 
127 520 
520 584 
797 520 
308 385 
296 308 
396 267 
267 296 
267 699 
699 484 
484 267 
585 575 
123 585 
699 585 
585 484 
323 835 
835 944 
944 323 
299 835 
323 299 
323 488 
323 14 
14 488 
323 197 
197 14 
197 944 
944 20 
20 197 
524 743 
743 562 
562 524 
562 964 
964 524 
964 935 
935 524 
524 555 
552 964 
562 552 
552 238 
238 476 
476 552 
476 751 
751 552 
751 964 
562 278 
278 552 
895 445 
445 821 
821 895 
821 699 
585 821 
821 575 
244 559 
559 251 
559 935 
935 251 
524 559 
559 555 
456 445 
445 463 
463 456 
463 244 
244 456 
559 463 
463 555 
244 202 
202 456 
162 202 
202 848 
202 369 
560 202 
560 456 
381 215 
883 381 
381 490 
693 381 
391 381 
78 381 
599 437 
437 95 
917 437 
437 896 
437 466 
730 55 
55 557 
347 55 
55 158 
252 55 
163 55 
662 393 
393 633 
393 49 
811 349 
884 811 
811 781 
216 349 
39 216 
216 662 
91 216 
777 216 
916 105 
105 672 
916 436 
436 105 
184 435 
435 288 
206 435 
435 953 
953 288 
117 712 
712 635 
635 117 
635 536 
536 117 
125 164 
164 476 
476 125 
238 125 
664 125 
476 411 
411 751 
164 411 
411 810 
810 751 
411 107 
464 554 
554 956 
956 464 
184 464 
808 464 
128 464 
89 554 
316 89 
89 956 
922 206 
956 922 
89 922 
89 903 
903 922 
755 278 
562 755 
743 755 
458 442 
537 458 
805 866 
866 959 
1000 866 
703 401 
442 703 
866 703 
703 959 
866 401 
362 468 
255 362 
720 362 
362 218 
477 362 
827 905 
959 827 
827 477 
827 812 
812 477 
703 827 
38 543 
11 38 
425 148 
148 782 
148 38 
11 148 
425 38 
58 905 
782 58 
58 732 
148 58 
148 264 
264 58 
259 264 
264 440 
440 259 
440 178 
178 259 
58 259 
259 732 
805 259 
264 957 
957 440 
957 741 
741 440 
106 292 
292 802 
802 106 
106 957 
957 565 
565 106 
802 741 
741 106 
16 106 
565 16 
16 292 
286 609 
178 286 
611 609 
286 611 
440 286 
741 286 
879 576 
616 879 
879 989 
879 9 
190 879 
523 310 
497 523 
531 310 
523 531 
76 993 
993 919 
919 76 
543 919 
919 96 
645 90 
90 988 
90 15 
15 988 
90 26 
26 15 
570 674 
674 233 
233 570 
674 325 
325 233 
395 787 
988 395 
694 429 
17 694 
694 459 
530 694 
694 976 
694 239 
686 756 
756 17 
225 756 
756 719 
756 683 
976 32 
32 973 
32 225 
32 694 
17 32 
756 32 
287 550 
214 287 
257 287 
287 299 
287 835 
626 287 
626 835 
992 482 
482 873 
126 873 
482 126 
482 93 
482 953 
953 93 
288 482 
232 798 
93 232 
250 671 
671 770 
770 250 
770 13 
13 250 
341 770 
770 626 
811 180 
180 781 
811 436 
436 180 
704 322 
322 947 
947 704 
328 213 
213 981 
350 180 
180 322 
322 350 
350 781 
146 350 
350 241 
241 146 
146 781 
146 39 
146 540 
540 39 
880 380 
380 710 
710 880 
657 380 
880 657 
851 386 
331 851 
880 544 
544 282 
282 880 
282 657 
680 657 
282 680 
852 579 
579 265 
615 579 
579 406 
466 265 
579 466 
587 852 
610 587 
587 372 
268 587 
647 289 
302 647 
971 647 
596 647 
920 748 
748 35 
989 614 
614 497 
853 609 
611 853 
853 536 
853 117 
643 853 
836 725 
725 859 
859 836 
725 353 
353 859 
515 353 
353 179 
179 405 
405 353 
515 179 
603 914 
611 603 
603 402 
286 603 
741 603 
802 603 
802 402 
192 196 
196 100 
462 196 
192 462 
911 196 
462 911 
42 462 
462 857 
857 42 
192 857 
593 469 
627 593 
30 593 
629 593 
629 485 
485 593 
42 489 
489 549 
549 42 
386 549 
709 230 
656 709 
984 709 
899 709 
461 412 
412 766 
370 412 
412 77 
412 962 
231 356 
77 231 
412 231 
461 231 
229 763 
763 789 
448 258 
258 763 
763 448 
233 695 
695 570 
26 695 
695 15 
233 15 
933 929 
929 391 
839 929 
929 104 
929 27 
27 104 
182 122 
122 819 
819 182 
182 839 
182 929 
182 27 
545 714 
759 545 
545 59 
28 521 
59 28 
545 28 
618 891 
891 807 
816 891 
70 595 
595 154 
154 70 
275 455 
455 865 
595 51 
51 154 
860 130 
130 51 
51 860 
932 731 
731 154 
154 932 
51 932 
130 932 
932 840 
840 731 
130 384 
384 932 
493 130 
860 493 
860 138 
138 493 
493 384 
267 735 
735 296 
585 561 
561 484 
561 298 
298 484 
123 561 
572 561 
488 561 
14 561 
14 298 
569 735 
735 692 
692 569 
267 692 
484 692 
298 692 
460 619 
251 460 
935 460 
460 327 
460 757 
430 810 
757 430 
460 430 
935 430 
964 430 
751 430 
433 821 
445 433 
433 560 
601 433 
575 433 
456 433 
463 708 
708 555 
445 708 
708 987 
708 644 
708 895 
381 912 
912 490 
883 912 
912 120 
670 912 
437 492 
492 466 
917 492 
980 492 
876 492 
492 265 
526 540 
540 270 
270 526 
607 526 
729 216 
39 729 
729 526 
526 393 
393 729 
662 729 
540 729 
539 105 
436 539 
539 811 
884 539 
107 105 
539 107 
907 539 
366 958 
958 199 
199 366 
452 366 
199 452 
109 698 
698 199 
199 109 
958 109 
117 940 
940 712 
940 672 
672 392 
392 940 
392 712 
940 452 
940 366 
401 580 
580 664 
580 125 
125 754 
754 164 
754 712 
392 754 
392 164 
580 754 
754 635 
580 635 
411 185 
185 107 
185 105 
185 164 
392 185 
672 185 
990 780 
554 990 
464 990 
128 990 
991 780 
990 991 
990 414 
936 308 
308 206 
206 936 
922 936 
936 385 
344 866 
1000 344 
344 536 
635 344 
580 344 
344 401 
812 642 
642 316 
642 703 
442 642 
827 642 
60 362 
477 60 
812 60 
780 60 
991 60 
218 60 
38 982 
982 543 
919 982 
982 76 
832 425 
363 832 
832 38 
832 982 
195 957 
264 195 
195 148 
11 195 
195 565 
311 195 
311 565 
696 133 
133 649 
649 696 
306 90 
645 306 
972 233 
325 972 
972 15 
972 988 
972 395 
715 820 
820 838 
838 715 
395 715 
715 787 
715 948 
948 820 
395 948 
954 715 
954 787 
269 948 
948 640 
640 269 
269 820 
953 867 
867 93 
867 232 
671 503 
503 563 
563 671 
944 563 
563 20 
716 503 
671 716 
250 716 
250 418 
418 716 
418 34 
34 716 
571 916 
452 571 
199 571 
947 150 
150 704 
241 213 
213 606 
606 241 
606 146 
606 328 
270 606 
540 606 
900 801 
801 268 
801 303 
303 268 
930 710 
710 303 
303 930 
801 930 
801 621 
621 930 
336 380 
380 904 
904 336 
657 904 
320 282 
544 320 
544 88 
88 320 
587 717 
717 852 
579 717 
717 406 
226 647 
596 226 
226 753 
688 226 
920 133 
133 516 
516 920 
516 748 
516 815 
815 748 
374 523 
497 374 
614 374 
65 614 
989 65 
404 614 
65 404 
351 510 
510 190 
853 817 
817 117 
940 817 
817 366 
643 817 
643 958 
958 817 
725 934 
934 625 
836 934 
836 109 
109 934 
958 934 
643 934 
914 934 
204 179 
515 204 
292 204 
204 802 
204 402 
674 487 
487 325 
674 100 
100 487 
196 487 
952 857 
857 485 
485 952 
152 952 
952 629 
952 42 
952 489 
258 419 
419 192 
419 857 
448 419 
419 485 
908 593 
485 908 
908 419 
448 908 
330 908 
469 908 
622 549 
549 778 
778 622 
462 622 
622 911 
42 622 
230 713 
713 152 
709 713 
713 331 
480 173 
173 478 
478 480 
518 461 
285 518 
518 231 
872 674 
570 872 
872 100 
872 258 
872 763 
733 738 
738 789 
789 733 
733 872 
570 733 
763 733 
765 695 
26 765 
26 3 
3 765 
3 847 
847 765 
847 764 
764 765 
764 738 
738 388 
388 764 
388 765 
388 695 
388 570 
388 733 
581 738 
764 581 
847 581 
847 173 
173 581 
28 842 
842 521 
28 443 
443 842 
279 370 
103 279 
103 595 
595 279 
279 816 
279 891 
70 279 
70 891 
455 280 
280 865 
840 280 
280 731 
731 660 
660 154 
660 70 
280 660 
455 660 
508 275 
967 508 
508 455 
718 508 
807 508 
423 280 
840 423 
865 423 
423 759 
588 51 
595 588 
227 588 
588 103 
588 860 
960 354 
354 792 
792 960 
520 711 
711 584 
711 13 
520 792 
792 711 
354 711 
602 378 
378 63 
63 602 
588 641 
641 860 
227 641 
641 138 
641 382 
382 138 
404 262 
262 496 
496 404 
308 5 
5 206 
5 435 
296 5 
735 5 
692 135 
135 569 
197 135 
135 14 
135 298 
837 526 
607 837 
837 393 
837 49 
791 837 
247 837 
936 863 
863 385 
863 987 
863 743 
863 755 
903 458 
458 177 
177 903 
755 177 
177 278 
177 537 
642 101 
101 316 
101 89 
458 101 
101 442 
101 903 
878 832 
363 878 
878 310 
531 878 
620 878 
116 649 
133 116 
116 920 
838 116 
820 116 
360 954 
35 360 
360 787 
360 645 
194 847 
3 194 
675 605 
605 373 
373 675 
90 44 
44 26 
306 44 
44 3 
306 631 
631 44 
568 972 
325 568 
948 568 
568 640 
395 568 
311 774 
774 565 
774 16 
96 774 
96 112 
112 774 
269 407 
407 820 
407 116 
407 649 
790 269 
640 790 
927 622 
778 927 
927 911 
16 260 
260 292 
418 236 
236 34 
986 786 
786 313 
313 986 
236 339 
339 34 
79 563 
944 79 
79 671 
79 835 
626 79 
770 79 
931 563 
503 931 
931 20 
931 232 
232 20 
931 798 
571 939 
939 916 
571 947 
947 939 
939 436 
939 180 
939 322 
653 930 
621 653 
785 571 
199 785 
698 785 
698 150 
150 785 
785 947 
494 213 
241 494 
801 831 
831 621 
831 997 
997 621 
145 831 
831 900 
305 851 
331 305 
713 305 
597 698 
109 597 
836 597 
19 541 
541 533 
533 19 
405 61 
61 19 
19 405 
61 541 
541 400 
400 533 
400 850 
850 533 
851 400 
400 386 
851 850 
282 294 
294 680 
320 294 
294 850 
850 680 
294 533 
174 717 
587 174 
303 174 
174 268 
174 710 
380 174 
650 886 
886 688 
886 226 
352 886 
465 886 
647 223 
223 289 
226 223 
886 223 
223 18 
516 368 
368 815 
368 133 
696 368 
523 334 
334 531 
334 902 
902 531 
736 974 
974 682 
682 736 
374 682 
682 523 
682 334 
974 334 
902 211 
211 531 
211 878 
982 211 
211 76 
902 76 
832 211 
869 65 
65 271 
271 869 
271 510 
510 869 
271 190 
989 271 
271 879 
82 351 
590 82 
82 510 
873 82 
41 262 
404 41 
65 41 
869 41 
793 790 
640 793 
665 790 
793 665 
824 709 
899 824 
824 713 
336 824 
824 305 
904 824 
904 305 
99 480 
478 99 
478 855 
855 99 
589 915 
915 639 
639 589 
581 806 
806 738 
806 789 
806 46 
806 122 
122 398 
398 819 
398 480 
480 819 
806 398 
581 398 
398 173 
882 375 
375 301 
301 882 
803 842 
443 803 
443 475 
475 803 
475 219 
219 803 
219 829 
829 74 
74 219 
842 209 
209 521 
760 209 
209 822 
868 660 
455 868 
508 868 
70 868 
868 891 
868 807 
999 222 
222 700 
700 999 
700 797 
700 520 
700 792 
658 354 
960 658 
946 711 
354 946 
658 946 
658 522 
522 946 
210 378 
602 210 
281 63 
378 281 
651 243 
243 786 
786 651 
651 826 
826 737 
737 651 
102 493 
138 102 
678 281 
281 749 
749 678 
378 749 
542 301 
301 702 
702 542 
639 54 
54 773 
773 639 
773 589 
272 496 
496 994 
994 272 
519 262 
262 586 
586 519 
519 496 
519 994 
519 558 
558 994 
690 5 
735 690 
569 690 
435 690 
690 953 
569 867 
867 690 
135 71 
71 569 
71 867 
71 232 
71 20 
71 197 
942 863 
936 942 
177 942 
942 903 
942 755 
942 922 
874 360 
35 874 
874 160 
160 376 
376 874 
617 874 
376 617 
617 360 
617 306 
645 617 
815 431 
431 748 
955 376 
376 317 
317 955 
160 317 
605 893 
893 373 
659 173 
847 659 
194 659 
659 478 
326 675 
373 326 
144 44 
631 144 
144 893 
605 144 
631 893 
605 194 
194 144 
3 144 
389 993 
993 696 
696 389 
649 389 
266 407 
269 266 
790 266 
260 53 
53 292 
53 204 
53 179 
260 722 
722 53 
260 115 
115 722 
61 228 
228 541 
995 790 
665 995 
665 167 
167 995 
995 266 
767 266 
995 767 
906 167 
665 906 
449 522 
522 315 
315 449 
315 313 
313 23 
23 315 
56 313 
786 56 
243 56 
319 23 
23 56 
56 319 
997 494 
494 965 
965 997 
653 364 
364 930 
364 544 
880 364 
710 364 
245 494 
241 245 
350 245 
704 965 
965 245 
245 704 
245 322 
213 728 
728 981 
494 728 
728 145 
728 831 
997 728 
305 25 
25 851 
850 25 
25 680 
904 25 
25 657 
669 653 
621 669 
997 669 
965 669 
669 977 
977 653 
457 836 
859 457 
457 597 
353 582 
582 859 
405 582 
19 582 
739 400 
541 739 
228 739 
174 171 
171 717 
406 171 
171 336 
171 380 
779 223 
886 779 
465 779 
18 779 
779 679 
779 500 
902 426 
426 76 
426 993 
426 696 
426 368 
963 974 
974 815 
815 963 
368 963 
963 334 
963 902 
963 426 
510 338 
338 869 
82 338 
798 361 
361 126 
745 716 
34 745 
745 503 
598 931 
503 598 
745 598 
745 307 
307 598 
307 361 
361 598 
598 798 
41 169 
169 262 
169 586 
740 793 
640 740 
568 740 
487 740 
740 325 
927 928 
928 911 
793 928 
928 665 
928 906 
927 906 
151 487 
196 151 
151 928 
793 151 
151 740 
911 151 
124 99 
855 124 
124 54 
639 124 
534 182 
819 534 
534 27 
413 841 
841 915 
915 413 
573 641 
227 573 
356 573 
356 589 
589 573 
773 573 
573 382 
773 382 
752 475 
475 375 
375 752 
882 752 
752 829 
219 752 
301 800 
800 702 
375 800 
111 423 
840 111 
28 415 
415 443 
545 415 
491 73 
73 829 
829 491 
882 826 
826 491 
491 882 
491 752 
73 864 
864 829 
864 74 
960 74 
864 960 
172 803 
219 172 
74 172 
700 968 
968 792 
968 960 
968 74 
222 968 
222 172 
172 968 
658 187 
187 522 
187 315 
313 187 
187 986 
711 200 
200 13 
946 200 
200 250 
200 418 
961 946 
522 961 
449 961 
449 236 
236 961 
418 961 
200 961 
938 210 
602 938 
602 84 
84 938 
161 134 
134 548 
548 161 
319 923 
923 548 
548 319 
923 161 
890 281 
678 890 
681 890 
890 86 
86 681 
281 681 
681 63 
637 681 
86 637 
382 98 
98 138 
98 102 
702 495 
495 687 
687 702 
687 542 
210 676 
676 378 
676 749 
737 742 
742 723 
723 737 
723 676 
210 723 
64 742 
737 64 
64 542 
542 742 
826 64 
64 301 
882 64 
454 343 
343 54 
54 454 
454 124 
855 454 
855 186 
186 454 
186 427 
427 454 
427 343 
517 918 
918 678 
678 517 
749 517 
828 272 
272 854 
854 828 
828 682 
374 828 
854 736 
736 828 
795 374 
614 795 
404 795 
795 828 
795 272 
496 795 
799 631 
306 799 
617 799 
799 376 
955 799 
431 600 
600 748 
600 35 
600 874 
600 160 
83 431 
815 83 
83 974 
736 83 
340 272 
994 340 
340 854 
893 632 
632 373 
675 978 
978 605 
978 194 
978 659 
186 675 
675 532 
532 186 
326 532 
532 427 
532 918 
918 427 
389 141 
141 993 
919 141 
141 96 
141 112 
141 870 
870 112 
389 870 
266 403 
403 407 
389 403 
403 870 
767 870 
403 767 
403 649 
53 921 
921 179 
722 921 
921 405 
921 61 
115 314 
314 722 
594 115 
260 594 
594 774 
112 594 
594 16 
870 136 
136 112 
136 594 
136 115 
767 136 
578 236 
449 578 
578 339 
578 234 
234 339 
970 88 
544 970 
977 970 
970 653 
364 970 
150 747 
747 704 
747 965 
747 669 
747 977 
457 776 
776 597 
457 88 
88 776 
970 776 
977 776 
582 950 
950 859 
950 320 
88 950 
950 457 
624 582 
19 624 
533 624 
294 624 
320 624 
950 624 
397 739 
739 778 
778 397 
397 400 
549 397 
386 397 
739 706 
706 778 
228 706 
706 927 
706 906 
377 82 
873 377 
377 338 
126 377 
745 924 
924 307 
339 924 
924 34 
234 727 
727 339 
727 924 
504 924 
727 504 
809 504 
504 892 
892 809 
169 892 
892 586 
169 809 
849 169 
41 849 
869 849 
338 849 
849 809 
841 534 
534 248 
248 841 
99 248 
248 480 
248 819 
858 413 
413 518 
518 858 
858 198 
104 858 
858 285 
589 207 
207 915 
207 413 
356 207 
231 207 
518 207 
413 324 
324 841 
534 324 
324 27 
858 324 
324 104 
224 495 
702 224 
800 224 
800 312 
312 224 
312 111 
111 224 
800 335 
335 312 
335 475 
443 335 
335 375 
415 335 
415 312 
423 254 
254 759 
111 254 
254 545 
254 415 
312 254 
491 189 
189 73 
189 651 
786 189 
189 826 
986 189 
986 73 
721 172 
222 721 
721 209 
842 721 
803 721 
52 187 
658 52 
960 52 
864 52 
52 986 
52 73 
938 183 
183 210 
183 651 
737 183 
183 243 
938 243 
723 183 
56 170 
170 319 
170 923 
243 170 
84 923 
170 84 
938 170 
276 519 
586 276 
276 558 
996 295 
295 592 
592 996 
996 134 
161 996 
578 746 
746 234 
890 975 
975 86 
532 975 
975 918 
326 975 
975 678 
63 509 
509 602 
509 84 
235 98 
382 235 
343 235 
235 54 
773 235 
98 342 
342 102 
410 342 
342 29 
29 410 
410 102 
794 410 
29 794 
687 410 
794 687 
542 794 
794 742 
332 517 
749 332 
676 332 
673 340 
340 399 
399 673 
399 558 
558 592 
592 399 
399 994 
83 705 
705 431 
736 705 
854 705 
304 340 
673 304 
673 81 
81 304 
304 854 
304 705 
81 705 
359 317 
160 359 
359 110 
110 317 
273 295 
295 408 
408 273 
734 81 
673 734 
734 273 
273 110 
110 734 
734 359 
359 81 
875 632 
893 875 
875 799 
955 875 
631 875 
894 675 
186 894 
894 978 
855 894 
478 894 
659 894 
333 314 
115 333 
136 333 
767 333 
995 333 
167 333 
167 314 
597 191 
191 698 
776 191 
191 150 
191 747 
191 977 
165 706 
228 165 
165 314 
167 165 
906 165 
788 361 
307 788 
788 126 
788 377 
746 45 
45 234 
849 439 
439 809 
338 439 
377 439 
788 439 
248 246 
246 841 
915 246 
246 639 
246 124 
246 99 
67 111 
840 67 
67 224 
67 932 
384 67 
384 495 
495 67 
966 721 
222 966 
871 966 
966 999 
822 966 
209 966 
558 337 
337 592 
276 337 
337 996 
276 147 
147 337 
147 134 
134 337 
996 724 
724 295 
724 408 
724 772 
772 408 
161 724 
416 23 
319 416 
548 416 
975 684 
684 86 
326 684 
373 684 
632 684 
681 856 
856 63 
856 509 
772 509 
856 772 
637 856 
551 923 
84 551 
509 551 
551 161 
551 724 
772 551 
450 343 
427 450 
918 450 
517 450 
424 410 
687 424 
424 495 
384 424 
493 424 
102 424 
794 473 
473 742 
473 723 
473 676 
473 332 
29 473 
29 332 
705 498 
498 431 
81 498 
498 600 
498 160 
498 359 
273 297 
297 295 
297 592 
297 734 
673 297 
297 399 
637 37 
37 845 
845 637 
845 856 
772 845 
845 408 
273 479 
479 110 
479 845 
37 479 
408 479 
110 861 
861 317 
861 955 
479 861 
37 861 
684 203 
203 86 
632 203 
203 637 
203 37 
775 165 
228 775 
775 314 
61 775 
921 775 
722 775 
634 727 
234 634 
45 634 
634 504 
634 892 
444 45 
746 444 
444 416 
548 444 
746 416 
147 45 
444 147 
134 444 
276 217 
217 147 
217 45 
586 217 
892 217 
634 217 
691 439 
788 691 
307 691 
691 504 
809 691 
924 691 
371 746 
578 371 
371 416 
315 371 
371 449 
23 371 
277 450 
517 277 
332 277 
342 277 
277 29 
417 342 
98 417 
450 417 
417 343 
417 277 
417 235 
577 861 
37 577 
203 577 
577 875 
955 577 
577 632 
1 149 
57 1 
1 726 
72 1 
1 846 
293 1 
