814 57 149 
47 293 72 
149 846 447 
483 846 293 
291 726 57 
293 47 387 
387 483 293 
149 447 804 
804 814 149 
937 387 47 
483 387 862 
846 483 394 
910 68 394 
394 447 846 
394 68 447 
365 291 57 
57 814 365 
72 726 636 
636 47 72 
355 862 387 
387 937 355 
888 804 697 
697 804 447 
447 68 697 
843 365 814 
2 365 843 
546 937 47 
47 636 546 
131 253 291 
291 365 131 
131 365 2 
726 291 97 
291 253 97 
97 636 726 
925 636 97 
529 355 119 
862 355 529 
483 862 769 
769 394 483 
910 394 769 
502 697 68 
2 843 949 
129 636 925 
129 546 636 
925 114 129 
937 546 390 
925 97 512 
512 97 253 
499 769 862 
499 139 43 
862 529 499 
529 139 499 
181 499 43 
769 499 181 
910 769 181 
181 744 910 
66 512 253 
140 512 66 
604 131 2 
156 529 119 
156 139 529 
155 470 263 
910 744 553 
553 68 910 
553 502 68 
486 181 43 
744 181 486 
697 502 771 
502 470 771 
888 697 771 
474 432 623 
623 471 474 
623 432 284 
48 804 888 
814 804 48 
48 843 814 
24 877 949 
142 877 24 
24 474 142 
432 474 24 
566 66 253 
253 131 566 
131 604 566 
566 604 967 
140 66 654 
69 604 2 
2 949 69 
949 877 69 
69 877 564 
525 156 119 
252 36 471 
909 472 263 
263 470 909 
909 470 502 
502 553 909 
701 486 43 
844 486 701 
139 156 383 
646 274 472 
472 909 646 
646 553 744 
646 909 553 
648 486 844 
274 646 648 
744 486 648 
648 646 744 
472 274 979 
470 155 830 
830 771 470 
505 474 471 
471 36 505 
505 36 668 
142 474 505 
283 655 574 
574 655 114 
885 94 666 
283 574 885 
885 574 94 
140 94 7 
925 512 7 
7 512 140 
7 114 925 
7 574 114 
94 574 7 
80 655 283 
256 655 237 
546 129 256 
256 129 114 
114 655 256 
256 390 546 
256 237 390 
329 525 969 
432 24 8 
8 24 949 
8 949 843 
843 48 8 
881 94 140 
140 654 881 
666 94 881 
66 566 707 
707 654 66 
707 566 967 
36 252 201 
163 471 623 
163 252 471 
844 701 583 
583 441 844 
844 441 379 
379 648 844 
274 648 379 
290 701 43 
43 139 290 
139 383 290 
813 383 156 
813 525 329 
156 525 813 
888 771 612 
771 830 612 
830 784 612 
612 784 284 
760 885 666 
420 157 6 
604 69 718 
967 604 718 
718 69 564 
564 807 718 
762 877 142 
564 877 762 
962 188 901 
668 823 901 
618 762 188 
618 807 564 
564 762 618 
50 505 668 
668 901 50 
50 901 188 
142 505 50 
50 762 142 
188 762 50 
237 655 538 
655 80 538 
329 969 608 
547 321 608 
937 390 12 
119 355 12 
12 355 937 
390 237 113 
113 12 390 
432 8 346 
888 612 346 
346 48 888 
346 8 48 
346 284 432 
346 612 284 
796 830 155 
155 92 796 
796 784 830 
985 784 796 
661 155 263 
661 92 155 
22 661 514 
92 661 22 
623 284 527 
527 163 623 
284 784 527 
527 784 985 
369 619 506 
251 619 369 
943 667 40 
40 630 943 
367 979 943 
943 630 367 
367 630 514 
514 630 685 
441 583 75 
75 247 441 
75 583 137 
137 897 75 
943 979 221 
221 667 943 
221 979 274 
274 379 221 
848 369 506 
506 619 467 
352 897 137 
783 897 352 
701 290 21 
137 583 21 
21 583 701 
438 813 329 
329 608 438 
438 608 321 
283 885 481 
885 760 481 
481 760 822 
822 420 481 
157 420 871 
871 513 157 
999 513 871 
871 420 822 
834 420 6 
834 481 420 
834 80 283 
283 481 834 
962 901 766 
766 901 823 
668 36 212 
212 823 668 
36 201 212 
10 538 80 
80 834 10 
453 945 10 
10 945 538 
6 453 10 
10 834 6 
683 608 969 
547 608 683 
719 683 421 
421 683 969 
12 113 507 
507 969 525 
507 421 969 
113 421 507 
507 525 119 
119 12 507 
434 321 547 
547 143 434 
985 85 158 
158 527 985 
163 527 158 
670 652 348 
567 652 761 
557 85 318 
318 818 557 
557 158 85 
980 818 318 
318 85 159 
123 428 572 
572 428 239 
168 913 601 
9 414 190 
991 414 9 
514 661 240 
240 367 514 
240 661 263 
979 367 240 
263 472 240 
472 979 240 
825 22 514 
514 685 825 
159 22 511 
825 511 22 
300 511 825 
825 685 300 
535 685 630 
193 220 535 
535 40 193 
630 40 535 
422 591 220 
876 663 265 
591 422 372 
889 663 876 
889 511 300 
300 983 889 
889 983 663 
633 897 783 
153 379 441 
153 221 379 
153 247 791 
441 247 153 
667 221 153 
791 205 153 
153 205 667 
162 971 168 
753 848 506 
327 467 619 
650 768 783 
783 352 650 
688 768 650 
383 813 679 
321 434 302 
613 513 797 
797 513 999 
95 896 208 
677 446 693 
627 677 261 
31 766 823 
104 78 391 
175 446 330 
357 421 113 
237 538 357 
357 113 237 
719 421 357 
357 945 719 
538 945 357 
714 881 654 
816 188 962 
816 618 188 
358 434 143 
358 750 913 
490 677 693 
261 677 490 
652 670 166 
638 761 166 
761 652 166 
670 883 166 
166 883 242 
348 652 599 
652 567 599 
599 95 348 
818 567 730 
730 557 818 
730 567 761 
876 980 409 
409 889 876 
511 889 409 
409 980 318 
318 159 409 
409 159 511 
92 22 556 
22 159 556 
556 159 85 
556 85 985 
985 796 556 
556 796 92 
468 616 620 
363 468 620 
255 468 363 
108 513 613 
157 513 108 
528 345 176 
345 108 176 
613 833 176 
176 108 613 
239 428 459 
428 750 459 
686 17 143 
686 143 547 
547 683 686 
309 572 239 
488 572 309 
309 299 488 
528 176 214 
214 176 833 
575 601 249 
249 750 428 
913 750 249 
249 601 913 
249 428 123 
123 575 249 
501 40 667 
667 205 501 
193 40 501 
501 205 118 
328 118 270 
300 685 451 
685 535 451 
451 535 220 
220 591 451 
451 983 300 
591 983 451 
268 372 900 
900 372 422 
33 220 193 
33 422 220 
663 983 610 
591 372 610 
610 983 591 
897 633 49 
247 75 49 
49 75 897 
907 884 121 
121 884 777 
907 121 757 
757 121 327 
506 467 887 
467 87 887 
887 87 768 
887 768 688 
887 753 506 
688 753 887 
465 352 137 
137 21 465 
500 290 383 
383 679 500 
500 21 290 
500 465 21 
813 438 18 
18 679 813 
971 162 596 
596 162 848 
848 753 596 
758 302 434 
758 913 168 
168 971 758 
971 302 758 
758 358 913 
434 358 758 
613 797 127 
127 833 613 
584 341 127 
127 341 833 
336 899 406 
95 208 998 
348 95 998 
984 208 896 
656 208 984 
330 446 469 
446 677 469 
677 627 469 
951 627 261 
261 998 951 
951 998 208 
951 30 627 
951 208 656 
656 30 951 
638 166 898 
898 166 242 
898 201 638 
898 212 201 
823 212 689 
689 31 823 
212 898 689 
628 31 689 
689 242 628 
689 898 242 
285 31 628 
839 175 46 
666 881 59 
881 714 59 
759 714 4 
4 865 759 
4 714 654 
654 707 4 
275 707 967 
275 4 707 
865 4 275 
370 816 962 
370 77 103 
103 77 227 
987 644 385 
396 644 895 
296 385 396 
396 385 644 
699 396 895 
743 555 987 
251 369 244 
168 601 560 
560 162 168 
261 490 120 
348 998 120 
120 998 261 
120 670 348 
628 242 215 
242 883 215 
917 599 567 
917 567 818 
818 980 917 
347 761 638 
347 730 761 
638 201 347 
347 201 252 
781 39 349 
777 884 349 
916 672 452 
590 128 808 
956 206 184 
288 808 184 
959 732 805 
178 1000 805 
537 664 238 
238 278 537 
442 664 537 
664 442 401 
720 255 782 
905 732 959 
477 720 905 
905 720 782 
316 554 780 
316 780 812 
218 9 616 
616 468 218 
991 9 218 
782 255 425 
255 363 425 
311 543 96 
11 543 311 
576 989 497 
620 616 576 
620 576 310 
310 576 497 
954 920 35 
838 920 954 
988 787 645 
62 108 345 
62 973 453 
345 973 62 
62 453 6 
6 157 62 
157 108 62 
429 459 750 
429 358 143 
750 358 429 
143 17 429 
976 345 528 
976 973 345 
225 945 453 
453 973 225 
719 945 225 
530 309 239 
530 976 528 
299 309 550 
309 530 550 
528 214 550 
550 530 528 
257 214 833 
257 341 626 
833 341 257 
190 414 351 
414 128 351 
351 128 590 
992 873 590 
992 808 288 
590 808 992 
126 93 798 
13 341 584 
941 328 981 
981 33 941 
118 328 941 
941 33 193 
193 501 941 
941 501 118 
145 900 422 
422 33 145 
145 33 981 
852 265 663 
663 610 852 
783 768 926 
926 633 783 
926 662 633 
768 87 926 
926 87 91 
91 662 926 
607 205 791 
270 118 607 
118 205 607 
467 327 132 
327 121 132 
132 87 467 
91 87 132 
132 777 91 
132 121 777 
810 107 907 
907 757 810 
289 18 438 
289 438 321 
321 302 289 
609 1000 178 
609 536 1000 
515 725 625 
402 515 625 
643 611 914 
914 402 625 
258 192 100 
489 152 331 
331 386 489 
230 152 629 
230 30 656 
629 30 230 
615 896 466 
615 984 896 
899 984 615 
615 406 899 
198 285 628 
628 215 198 
198 215 78 
198 78 104 
356 227 77 
766 31 461 
31 285 461 
46 175 229 
229 789 46 
330 448 229 
229 175 330 
122 839 46 
175 839 933 
693 446 933 
446 175 933 
933 391 693 
521 760 666 
666 59 521 
584 127 520 
520 127 797 
308 385 296 
296 396 267 
267 699 484 
396 699 267 
585 575 123 
484 699 585 
323 835 944 
299 835 323 
488 299 323 
323 14 488 
14 323 197 
197 944 20 
197 323 944 
524 743 562 
562 964 524 
964 935 524 
555 743 524 
552 964 562 
552 238 476 
552 476 751 
751 964 552 
562 278 552 
278 238 552 
895 445 821 
821 699 895 
575 585 821 
821 585 699 
251 244 559 
559 935 251 
555 524 559 
559 524 935 
456 445 463 
463 244 456 
555 559 463 
463 559 244 
456 244 202 
848 162 202 
369 848 202 
202 244 369 
162 560 202 
202 560 456 
381 215 883 
381 490 693 
693 391 381 
381 391 78 
78 215 381 
95 599 437 
599 917 437 
437 896 95 
466 896 437 
557 730 55 
730 347 55 
158 557 55 
55 347 252 
252 163 55 
163 158 55 
633 662 393 
393 49 633 
811 349 884 
781 349 811 
216 349 39 
216 662 91 
91 777 216 
777 349 216 
672 916 105 
105 916 436 
288 184 435 
435 184 206 
435 953 288 
117 712 635 
635 536 117 
125 164 476 
476 238 125 
125 238 664 
751 476 411 
476 164 411 
411 810 751 
107 810 411 
464 554 956 
956 184 464 
464 184 808 
464 808 128 
89 554 316 
956 554 89 
922 206 956 
956 89 922 
922 89 903 
755 278 562 
562 743 755 
458 442 537 
959 805 866 
866 805 1000 
703 401 442 
959 866 703 
703 866 401 
362 468 255 
255 720 362 
362 218 468 
362 720 477 
827 905 959 
477 905 827 
827 812 477 
959 703 827 
38 543 11 
782 425 148 
148 38 11 
425 38 148 
58 905 782 
732 905 58 
782 148 58 
58 148 264 
259 264 440 
259 440 178 
732 58 259 
259 58 264 
178 805 259 
259 805 732 
440 264 957 
957 741 440 
106 292 802 
106 957 565 
802 741 106 
741 957 106 
16 106 565 
292 106 16 
286 609 178 
611 609 286 
178 440 286 
440 741 286 
879 576 616 
989 576 879 
879 9 190 
616 9 879 
523 310 497 
531 310 523 
76 993 919 
96 543 919 
988 645 90 
90 15 988 
90 26 15 
570 674 233 
233 674 325 
395 787 988 
694 429 17 
459 429 694 
976 530 694 
239 459 694 
694 530 239 
17 686 756 
719 225 756 
756 683 719 
756 686 683 
973 976 32 
32 225 973 
32 694 17 
976 694 32 
17 756 32 
32 756 225 
287 550 214 
214 257 287 
299 550 287 
287 835 299 
287 257 626 
626 835 287 
873 992 482 
126 873 482 
482 93 126 
482 953 93 
482 992 288 
288 953 482 
232 798 93 
250 671 770 
770 13 250 
626 341 770 
341 13 770 
781 811 180 
180 811 436 
704 322 947 
981 328 213 
350 180 322 
781 180 350 
146 350 241 
781 350 146 
146 39 781 
146 540 39 
880 380 710 
657 380 880 
851 386 331 
880 544 282 
282 657 880 
680 657 282 
265 852 579 
406 615 579 
466 265 579 
579 615 466 
587 852 610 
587 372 268 
587 610 372 
647 289 302 
647 302 971 
971 596 647 
35 920 748 
497 989 614 
853 609 611 
536 609 853 
853 117 536 
853 611 643 
836 725 859 
859 725 353 
725 515 353 
353 179 405 
515 179 353 
603 914 611 
402 914 603 
611 286 603 
603 286 741 
603 741 802 
802 402 603 
100 192 196 
462 196 192 
911 196 462 
42 462 857 
857 462 192 
593 469 627 
627 30 593 
593 30 629 
629 485 593 
42 489 549 
549 489 386 
709 230 656 
656 984 709 
709 984 899 
766 461 412 
77 370 412 
962 766 412 
412 370 962 
231 356 77 
77 412 231 
231 412 461 
789 229 763 
448 258 763 
763 229 448 
570 233 695 
15 26 695 
695 233 15 
391 933 929 
929 933 839 
104 391 929 
929 27 104 
182 122 819 
839 122 182 
182 929 839 
27 929 182 
545 714 759 
545 59 714 
28 521 59 
59 545 28 
807 618 891 
618 816 891 
70 595 154 
865 275 455 
154 595 51 
860 130 51 
932 731 154 
154 51 932 
932 51 130 
932 840 731 
932 130 384 
493 130 860 
860 138 493 
384 130 493 
296 267 735 
484 585 561 
561 298 484 
561 585 123 
123 572 561 
561 572 488 
488 14 561 
14 298 561 
569 735 692 
692 735 267 
692 267 484 
484 298 692 
460 619 251 
251 935 460 
460 327 619 
460 757 327 
430 810 757 
757 460 430 
430 460 935 
430 935 964 
430 964 751 
751 810 430 
433 821 445 
433 560 601 
433 601 575 
575 821 433 
433 445 456 
456 560 433 
555 463 708 
708 463 445 
987 555 708 
708 644 987 
895 644 708 
708 445 895 
490 381 912 
912 381 883 
912 120 490 
912 883 670 
670 120 912 
466 437 492 
492 437 917 
492 917 980 
492 980 876 
492 265 466 
876 265 492 
526 540 270 
270 607 526 
729 216 39 
729 526 393 
729 393 662 
662 216 729 
39 540 729 
540 526 729 
539 105 436 
539 811 884 
436 811 539 
107 105 539 
539 884 907 
907 107 539 
366 958 199 
452 366 199 
109 698 199 
199 958 109 
712 117 940 
940 672 392 
392 712 940 
452 672 940 
940 366 452 
664 401 580 
580 125 664 
164 125 754 
754 712 392 
392 164 754 
125 580 754 
635 712 754 
754 580 635 
107 411 185 
185 105 107 
185 164 392 
185 411 164 
392 672 185 
672 105 185 
990 780 554 
554 464 990 
990 464 128 
991 780 990 
990 414 991 
990 128 414 
936 308 206 
206 922 936 
385 308 936 
344 866 1000 
344 536 635 
1000 536 344 
635 580 344 
401 866 344 
344 580 401 
316 812 642 
642 703 442 
812 827 642 
642 827 703 
60 362 477 
477 812 60 
60 812 780 
60 780 991 
991 218 60 
218 362 60 
543 38 982 
76 919 982 
982 919 543 
832 425 363 
832 38 425 
832 982 38 
195 957 264 
195 148 11 
264 148 195 
565 957 195 
11 311 195 
195 311 565 
696 133 649 
306 90 645 
972 233 325 
15 233 972 
988 15 972 
972 395 988 
715 820 838 
787 395 715 
715 948 820 
715 395 948 
838 954 715 
715 954 787 
269 948 640 
820 948 269 
93 953 867 
867 232 93 
671 503 563 
20 944 563 
716 503 671 
716 671 250 
250 418 716 
716 418 34 
571 916 452 
452 199 571 
704 947 150 
241 213 606 
606 146 241 
606 328 270 
606 213 328 
270 540 606 
540 146 606 
268 900 801 
801 303 268 
930 710 303 
303 801 930 
930 801 621 
336 380 904 
380 657 904 
320 282 544 
544 88 320 
852 587 717 
406 579 717 
717 579 852 
226 647 596 
226 753 688 
226 596 753 
920 133 516 
516 748 920 
516 815 748 
374 523 497 
497 614 374 
65 614 989 
404 614 65 
190 351 510 
117 853 817 
366 940 817 
817 940 117 
817 853 643 
643 958 817 
817 958 366 
625 725 934 
725 836 934 
934 836 109 
109 958 934 
934 958 643 
643 914 934 
934 914 625 
204 179 515 
802 292 204 
204 402 802 
515 402 204 
325 674 487 
487 674 100 
100 196 487 
952 857 485 
629 152 952 
952 485 629 
42 857 952 
952 489 42 
152 489 952 
192 258 419 
419 857 192 
419 258 448 
485 857 419 
908 593 485 
908 419 448 
485 419 908 
908 448 330 
330 469 908 
469 593 908 
622 549 778 
911 462 622 
622 462 42 
42 549 622 
152 230 713 
230 709 713 
331 152 713 
480 173 478 
518 461 285 
518 231 461 
872 674 570 
100 674 872 
872 258 100 
872 763 258 
733 738 789 
733 872 570 
789 763 733 
763 872 733 
765 695 26 
765 26 3 
3 847 765 
765 847 764 
764 738 388 
388 765 764 
695 765 388 
570 695 388 
388 733 570 
738 733 388 
581 738 764 
764 847 581 
847 173 581 
521 28 842 
842 28 443 
279 370 103 
103 595 279 
816 370 279 
279 891 816 
595 70 279 
279 70 891 
865 455 280 
731 840 280 
154 731 660 
660 70 154 
731 280 660 
660 280 455 
508 275 967 
508 455 275 
967 718 508 
508 718 807 
423 280 840 
759 865 423 
865 280 423 
588 51 595 
103 227 588 
588 595 103 
860 51 588 
960 354 792 
584 520 711 
711 13 584 
520 792 711 
711 792 354 
602 378 63 
860 588 641 
641 588 227 
641 138 860 
641 382 138 
404 262 496 
206 308 5 
5 435 206 
5 308 296 
296 735 5 
569 692 135 
14 197 135 
135 298 14 
135 692 298 
837 526 607 
393 526 837 
49 393 837 
837 607 791 
791 247 837 
247 49 837 
385 936 863 
987 385 863 
863 743 987 
863 755 743 
903 458 177 
278 755 177 
537 278 177 
177 458 537 
316 642 101 
101 89 316 
442 458 101 
101 642 442 
903 89 101 
101 458 903 
878 832 363 
878 310 531 
878 363 620 
620 310 878 
116 649 133 
116 920 838 
116 133 920 
838 820 116 
360 954 35 
787 954 360 
360 645 787 
194 847 3 
675 605 373 
26 90 44 
90 306 44 
3 26 44 
306 631 44 
568 972 325 
640 948 568 
948 395 568 
395 972 568 
565 311 774 
774 16 565 
774 311 96 
96 112 774 
820 269 407 
407 116 820 
649 116 407 
790 269 640 
927 622 778 
911 622 927 
292 16 260 
34 418 236 
986 786 313 
34 236 339 
79 563 944 
671 563 79 
79 835 626 
944 835 79 
626 770 79 
79 770 671 
931 563 503 
20 563 931 
931 232 20 
798 232 931 
916 571 939 
939 571 947 
436 916 939 
939 180 436 
322 180 939 
939 947 322 
653 930 621 
785 571 199 
785 199 698 
698 150 785 
947 571 785 
785 150 947 
494 213 241 
621 801 831 
831 997 621 
900 145 831 
831 801 900 
305 851 331 
331 713 305 
597 698 109 
109 836 597 
19 541 533 
405 61 19 
19 61 541 
533 541 400 
400 850 533 
386 851 400 
851 850 400 
680 282 294 
282 320 294 
294 850 680 
533 850 294 
174 717 587 
268 303 174 
174 587 268 
174 710 380 
303 710 174 
688 650 886 
886 226 688 
886 650 352 
352 465 886 
289 647 223 
647 226 223 
226 886 223 
18 289 223 
815 516 368 
368 133 696 
368 516 133 
531 523 334 
334 902 531 
736 974 682 
523 374 682 
682 334 523 
974 334 682 
531 902 211 
211 878 531 
76 982 211 
211 902 76 
982 832 211 
832 878 211 
869 65 271 
271 510 869 
190 510 271 
271 65 989 
271 879 190 
989 879 271 
82 351 590 
82 510 351 
590 873 82 
41 262 404 
404 65 41 
41 65 869 
793 790 640 
665 790 793 
824 709 899 
824 713 709 
824 899 336 
824 305 713 
336 904 824 
904 305 824 
99 480 478 
478 855 99 
589 915 639 
738 581 806 
789 738 806 
46 789 806 
806 122 46 
819 122 398 
398 480 819 
122 806 398 
398 806 581 
173 480 398 
398 581 173 
882 375 301 
803 842 443 
443 475 803 
803 475 219 
219 829 74 
521 842 209 
822 760 209 
760 521 209 
868 660 455 
455 508 868 
891 70 868 
70 660 868 
807 891 868 
868 508 807 
999 222 700 
700 797 999 
700 520 797 
700 792 520 
658 354 960 
946 711 354 
354 658 946 
946 658 522 
210 378 602 
281 63 378 
651 243 786 
651 826 737 
102 493 138 
678 281 749 
749 281 378 
542 301 702 
639 54 773 
773 589 639 
272 496 994 
519 262 586 
519 496 262 
994 496 519 
519 558 994 
690 5 735 
690 735 569 
953 435 690 
435 5 690 
569 867 690 
690 867 953 
569 135 71 
71 867 569 
232 867 71 
20 232 71 
71 197 20 
71 135 197 
942 863 936 
903 177 942 
755 863 942 
942 177 755 
942 922 903 
942 936 922 
874 360 35 
874 160 376 
617 874 376 
360 874 617 
617 306 645 
645 360 617 
748 815 431 
955 376 317 
376 160 317 
373 605 893 
659 173 847 
847 194 659 
478 173 659 
326 675 373 
144 44 631 
144 893 605 
631 893 144 
605 194 144 
144 194 3 
3 44 144 
389 993 696 
696 649 389 
266 407 269 
269 790 266 
292 260 53 
53 204 292 
179 204 53 
53 260 722 
722 260 115 
541 61 228 
995 790 665 
665 167 995 
995 266 790 
767 266 995 
906 167 665 
449 522 315 
315 313 23 
56 313 786 
786 243 56 
319 23 56 
23 313 56 
997 494 965 
930 653 364 
364 544 880 
880 710 364 
710 930 364 
245 494 241 
241 350 245 
704 965 245 
245 965 494 
245 322 704 
245 350 322 
981 213 728 
213 494 728 
728 145 981 
728 831 145 
728 494 997 
997 831 728 
851 305 25 
680 850 25 
25 850 851 
25 305 904 
25 657 680 
25 904 657 
669 653 621 
621 997 669 
997 965 669 
653 669 977 
457 836 859 
457 597 836 
859 353 582 
582 353 405 
405 19 582 
739 400 541 
541 228 739 
717 174 171 
336 406 171 
406 717 171 
171 380 336 
171 174 380 
779 223 886 
779 886 465 
679 18 779 
18 223 779 
779 500 679 
465 500 779 
76 902 426 
426 993 76 
696 993 426 
426 368 696 
963 974 815 
815 368 963 
963 334 974 
902 334 963 
963 426 902 
368 426 963 
869 510 338 
510 82 338 
126 798 361 
745 716 34 
503 716 745 
598 931 503 
503 745 598 
598 745 307 
307 361 598 
798 931 598 
598 361 798 
262 41 169 
586 262 169 
740 793 640 
640 568 740 
325 487 740 
740 568 325 
911 927 928 
665 793 928 
928 906 665 
927 906 928 
151 487 196 
151 928 793 
151 740 487 
793 740 151 
151 196 911 
911 928 151 
124 99 855 
124 54 639 
534 182 819 
27 182 534 
413 841 915 
573 641 227 
227 356 573 
356 589 573 
589 773 573 
382 641 573 
573 773 382 
752 475 375 
752 375 882 
752 829 219 
219 475 752 
702 301 800 
800 301 375 
111 423 840 
443 28 415 
415 28 545 
491 73 829 
882 826 491 
491 752 882 
829 752 491 
829 73 864 
864 74 829 
960 74 864 
172 803 219 
219 74 172 
792 700 968 
960 792 968 
968 74 960 
968 700 222 
222 172 968 
968 172 74 
522 658 187 
187 315 522 
986 313 187 
313 315 187 
13 711 200 
711 946 200 
250 13 200 
200 418 250 
961 946 522 
961 522 449 
449 236 961 
961 236 418 
418 200 961 
961 200 946 
938 210 602 
602 84 938 
161 134 548 
319 923 548 
548 923 161 
890 281 678 
681 890 86 
63 281 681 
281 890 681 
637 681 86 
138 382 98 
98 102 138 
702 495 687 
687 542 702 
378 210 676 
676 749 378 
737 742 723 
723 676 210 
64 742 737 
64 542 742 
737 826 64 
301 542 64 
64 826 882 
882 301 64 
454 343 54 
454 124 855 
54 124 454 
454 855 186 
186 427 454 
427 343 454 
517 918 678 
678 749 517 
828 272 854 
828 682 374 
828 854 736 
736 682 828 
795 374 614 
795 614 404 
795 828 374 
272 828 795 
404 496 795 
496 272 795 
799 631 306 
306 617 799 
799 376 955 
799 617 376 
748 431 600 
35 748 600 
600 874 35 
160 874 600 
83 431 815 
83 974 736 
815 974 83 
340 272 994 
854 272 340 
373 893 632 
605 675 978 
978 194 605 
978 659 194 
186 675 532 
675 326 532 
532 427 186 
532 918 427 
993 389 141 
96 919 141 
141 919 993 
141 112 96 
141 870 112 
141 389 870 
407 266 403 
870 389 403 
767 870 403 
403 266 767 
649 407 403 
403 389 649 
179 53 921 
921 53 722 
405 179 921 
921 61 405 
722 115 314 
594 115 260 
594 774 112 
16 774 594 
594 260 16 
112 870 136 
136 594 112 
115 594 136 
136 870 767 
578 236 449 
578 339 236 
578 234 339 
970 88 544 
653 977 970 
544 364 970 
970 364 653 
704 150 747 
747 965 704 
747 669 965 
747 977 669 
597 457 776 
776 457 88 
88 970 776 
776 970 977 
859 582 950 
950 320 88 
950 457 859 
88 457 950 
624 582 19 
624 19 533 
533 294 624 
624 294 320 
320 950 624 
624 950 582 
397 739 778 
400 739 397 
778 549 397 
397 549 386 
386 400 397 
778 739 706 
706 739 228 
706 927 778 
706 906 927 
377 82 873 
377 338 82 
377 873 126 
307 745 924 
34 339 924 
924 745 34 
339 234 727 
727 924 339 
504 924 727 
809 504 892 
586 169 892 
892 169 809 
849 169 41 
849 41 869 
869 338 849 
809 169 849 
841 534 248 
480 99 248 
819 480 248 
248 534 819 
858 413 518 
858 198 104 
285 198 858 
858 518 285 
915 589 207 
207 413 915 
207 589 356 
356 231 207 
231 518 207 
518 413 207 
841 413 324 
27 534 324 
324 534 841 
413 858 324 
104 27 324 
324 858 104 
224 495 702 
702 800 224 
224 800 312 
312 111 224 
312 800 335 
335 475 443 
375 475 335 
335 800 375 
443 415 335 
335 415 312 
759 423 254 
423 111 254 
254 545 759 
254 415 545 
254 111 312 
312 415 254 
73 491 189 
189 651 786 
826 651 189 
189 491 826 
189 786 986 
986 73 189 
721 172 222 
721 209 842 
842 803 721 
803 172 721 
52 187 658 
52 658 960 
960 864 52 
986 187 52 
52 73 986 
52 864 73 
210 938 183 
183 651 737 
243 651 183 
183 938 243 
737 723 183 
183 723 210 
319 56 170 
170 923 319 
170 56 243 
84 923 170 
243 938 170 
170 938 84 
276 519 586 
558 519 276 
996 295 592 
996 134 161 
234 578 746 
86 890 975 
918 532 975 
975 532 326 
678 918 975 
975 890 678 
602 63 509 
509 84 602 
235 98 382 
54 343 235 
382 773 235 
235 773 54 
102 98 342 
410 342 29 
102 342 410 
794 410 29 
687 410 794 
742 542 794 
542 687 794 
332 517 749 
749 676 332 
673 340 399 
399 558 592 
994 558 399 
399 340 994 
431 83 705 
705 83 736 
736 854 705 
304 340 673 
673 81 304 
854 340 304 
304 705 854 
81 705 304 
359 317 160 
359 110 317 
273 295 408 
734 81 673 
734 273 110 
734 359 81 
110 359 734 
875 632 893 
875 799 955 
875 893 631 
631 799 875 
894 675 186 
894 978 675 
186 855 894 
894 855 478 
478 659 894 
659 978 894 
333 314 115 
115 136 333 
333 136 767 
767 995 333 
333 995 167 
167 314 333 
698 597 191 
597 776 191 
191 150 698 
191 747 150 
977 747 191 
191 776 977 
165 706 228 
165 314 167 
167 906 165 
906 706 165 
788 361 307 
126 361 788 
788 377 126 
234 746 45 
809 849 439 
439 849 338 
338 377 439 
377 788 439 
841 248 246 
639 915 246 
915 841 246 
246 124 639 
99 124 246 
246 248 99 
67 111 840 
67 224 111 
67 932 384 
840 932 67 
384 495 67 
495 224 67 
966 721 222 
999 871 966 
966 222 999 
966 871 822 
822 209 966 
209 721 966 
592 558 337 
558 276 337 
337 996 592 
337 276 147 
337 147 134 
134 996 337 
295 996 724 
408 295 724 
724 772 408 
724 996 161 
416 23 319 
319 548 416 
86 975 684 
684 975 326 
684 326 373 
373 632 684 
63 681 856 
856 509 63 
772 509 856 
681 637 856 
551 923 84 
84 509 551 
161 923 551 
551 724 161 
551 509 772 
772 724 551 
450 343 427 
427 918 450 
918 517 450 
424 410 687 
424 495 384 
424 687 495 
384 493 424 
493 102 424 
102 410 424 
742 794 473 
473 723 742 
676 723 473 
473 332 676 
473 794 29 
29 332 473 
431 705 498 
498 705 81 
498 600 431 
160 600 498 
498 359 160 
81 359 498 
295 273 297 
592 295 297 
297 734 673 
273 734 297 
297 399 592 
673 399 297 
637 37 845 
845 856 637 
408 772 845 
772 856 845 
110 273 479 
479 845 37 
479 273 408 
408 845 479 
317 110 861 
955 317 861 
110 479 861 
861 479 37 
86 684 203 
203 684 632 
203 637 86 
203 37 637 
775 165 228 
314 165 775 
775 228 61 
61 921 775 
775 921 722 
722 314 775 
634 727 234 
234 45 634 
504 727 634 
634 892 504 
444 45 746 
444 416 548 
746 416 444 
147 45 444 
444 548 134 
134 147 444 
147 276 217 
217 45 147 
217 276 586 
586 892 217 
892 634 217 
217 634 45 
691 439 788 
691 788 307 
691 504 809 
809 439 691 
307 924 691 
691 924 504 
371 746 578 
371 416 746 
449 315 371 
371 578 449 
371 315 23 
23 416 371 
277 450 517 
517 332 277 
29 342 277 
277 332 29 
417 342 98 
343 450 417 
417 277 342 
450 277 417 
417 235 343 
98 235 417 
577 861 37 
37 203 577 
577 875 955 
955 861 577 
632 875 577 
577 203 632 
1 149 57 
1 726 72 
1 846 149 
1 72 293 
1 57 726 
1 293 846 
