-1.35181 -0.0459049 3.87006
-1.7644 -1.34938 3.44693
-0.651343 -3.23171 -2.43825
-0.158955 -2.21575 3.44616
3.34538 2.36742 -0.094282
1.91785 -0.113267 3.6215
0.179417 -0.926698 3.99004
-2.49176 -0.988912 3.1032
3.10951 1.21392 -2.38178
1.52764 0.11541 3.80237
1.09285 1.34365 -3.71541
0.00332937 0.990839 3.9781
3.65478 -0.60949 1.75592
3.46038 1.61761 1.48804
-0.764529 -2.52647 -3.13666
-0.133676 1.37505 -3.85965
1.97271 1.58482 3.22549
0.202683 2.6294 3.1389
-2.16653 1.39925 -3.18771
3.89188 0.93872 0.881976
-1.03395 2.69501 2.91219
-3.64063 0.844444 1.68731
3.30524 -2.40031 0.360002
-2.59344 -1.40655 2.84757
-3.26493 0.876744 -2.31872
-0.691372 -2.89715 -2.81715
-2.5692 -3.13092 -0.634265
1.18239 -2.20517 3.24865
0.791652 -3.9568 0.729709
-3.60808 -0.936022 -1.70852
-2.90195 -2.72388 0.98541
2.11348 1.15087 3.3199
-3.19247 2.53004 0.469529
4.01266 -0.71644 0.448939
0.891356 -1.9158 -3.5145
-3.27278 -1.73714 1.75418
1.54539 -3.30978 -1.86076
1.46468 1.14672 -3.65289
-1.41754 3.81469 0.500986
-3.08583 2.29499 1.41926
3.63078 -0.362327 -1.87062
-2.78693 -0.666626 -2.93174
-1.28887 1.99244 3.34267
-0.242353 -3.07284 -2.70407
3.69699 -1.6573 -0.627708
-2.45805 -2.76044 -1.77277
-0.636682 0.292686 4.0392
-2.35878 -0.552172 3.30795
-1.49449 3.30896 1.903
-2.69254 -2.17434 2.19965
-0.731532 -3.52304 1.96504
3.04222 -2.22833 1.60795
-0.964804 1.49568 -3.6931
-0.800258 -4.02114 -0.0364516
-3.7113 -0.875088 1.50489
2.98059 -2.78281 0.43306
-1.49901 -0.486325 3.78429
1.39165 2.09591 -3.23641
0.823862 -1.95287 3.50974
2.63919 1.96095 -2.44913
-1.86553 1.1282 -3.47313
2.26263 0.1658 3.41592
1.83682 -3.61144 -0.623153
1.74154 -3.40102 1.48772
3.43612 -0.0660688 -2.23612
-0.434807 -1.51624 3.78508
0.252305 -3.38217 2.30245
-2.17015 0.783833 3.39001
-1.86908 -1.75935 3.1978
-1.21985 -3.07062 2.42676
3.79077 1.39055 0.708995
-0.924443 -0.0173833 3.99427
2.70526 -2.59524 1.65974
2.62845 -2.11947 2.32568
-1.50071 3.02965 2.31805
1.42215 0.1815 -3.84036
-1.84183 -3.41111 1.3373
-3.15447 -2.60683 -0.240809
3.80401 0.346753 1.48774
1.17731 -0.15474 3.92411
2.15077 -2.0892 -2.79562
3.78719 0.798494 -1.35166
1.9659 -1.30009 -3.35472
2.52457 -3.21333 -0.336776
-3.77818 -0.0544142 1.58935
1.11823 -3.73269 -1.27462
-0.220535 3.85396 1.38049
-2.49865 2.30404 -2.29182
2.74851 2.70309 -1.3981
-0.298815 -2.72304 -3.04997
-0.62118 3.90371 1.09007
-3.48244 0.648061 2.06417
3.93251 1.15921 -0.0906617
0.555892 -1.22059 3.87525
-4.01843 -0.672211 -0.46292
0.621199 0.75734 -3.9806
-0.677921 -0.736373 3.97634
-0.218371 -4.02405 0.751371
-1.32909 -3.78902 -0.826667
-2.08167 -1.74406 -3.07251
2.34787 2.92657 -1.65317
0.0768426 -3.93657 1.14206
-1.52474 -3.40368 1.7025
-2.84 -2.93829 -0.333831
-0.385969 3.9901 -0.860631
-0.0207535 1.8219 -3.67253
0.0176294 4.06277 -0.555662
2.61105 -0.0701435 3.16134
-1.37734 3.09648 -2.30891
1.88862 -2.75627 -2.37679
0.442696 -3.08627 2.662
0.16197 0.598447 -4.05276
0.497358 0.861549 3.97776
0.296891 -0.452806 4.06367
-0.694914 0.731693 -3.97461
0.395669 -1.09542 -3.93056
0.0528376 3.45291 -2.20938
-2.56816 3.01527 1.05819
-0.169096 1.43245 3.83751
-3.7889 -1.47138 -0.53378
-0.10176 4.07628 0.428934
-2.2494 -3.09432 -1.4737
2.78318 2.28339 1.96295
-1.07333 -3.93356 -0.430676
0.999892 3.71926 -1.40745
4.00064 0.769524 -0.463762
3.21804 -0.501655 2.49002
3.43887 1.58756 -1.56841
-0.0816194 -0.220332 4.09247
-0.333937 -3.63552 1.86542
-1.29832 -1.28715 3.67022
-0.161307 3.9944 0.913759
0.824034 -0.950044 -3.90231
3.25283 -2.30612 -0.954734
3.5945 1.6961 1.00623
-0.304843 0.427837 -4.06693
-1.07731 3.01174 2.56469
-0.430387 -3.90941 1.15681
-0.819182 1.93517 3.52035
0.0660448 -1.38357 3.85959
0.568162 0.293135 -4.04956
-2.66122 -1.80302 2.54568
1.70907 2.0221 3.13005
-0.183231 -3.37268 -2.32375
-3.17114 2.59757 -0.00838491
-1.80128 3.67788 0.206922
3.5 -1.87552 -1.01812
1.34107 1.66155 -3.50046
-1.78052 -0.073904 3.69185
-1.87493 3.32668 -1.49162
-1.71193 -1.12918 -3.55117
-3.35306 -0.391106 -2.32794
-2.32047 2.68703 2.05167
-0.792973 -3.28516 2.32017
-3.2264 0.688637 2.43425
-0.319113 1.86994 3.63485
2.27773 -0.347072 3.39173
-3.65683 -0.499466 1.78503
-3.82878 0.418526 1.4056
1.41435 -2.38983 -3.01653
2.95596 -2.70073 -0.883927
1.32387 3.2924 2.05503
-3.47923 -0.936711 1.95541
0.538607 3.87891 -1.21164
-1.58733 0.353985 -3.76401
-3.70836 -1.68717 0.463923
-1.21745 0.0518177 -3.91527
1.66188 2.98427 2.26819
3.76821 -0.652841 -1.47975
2.77145 -3.0214 0.049008
-3.75681 1.12227 -1.19753
2.37769 -1.96454 2.70016
-1.34491 -3.50177 -1.65568
-3.66555 1.52966 -1.01845
-2.83967 -2.46973 -1.62581
2.90751 0.194848 2.88494
2.14396 3.35178 -0.986599
0.661329 2.70614 -3.00714
-1.30393 1.77223 -3.45894
-1.29848 3.86164 -0.462309
-1.60982 1.62449 3.40349
-2.42733 -3.13134 -1.05409
2.1979 -3.4103 0.592084
3.38824 2.13448 -0.88232
0.0706791 3.96657 -1.03536
-0.343527 -3.97773 -0.934292
3.261 -2.18462 1.18215
-2.35711 -2.53063 2.20229
2.57547 -2.90134 1.32556
3.39552 0.918974 -2.10656
-2.09363 3.03422 -1.79628
-2.46376 -1.44399 -2.94236
-3.16373 2.42852 0.947846
-0.584441 -3.49642 -2.05878
0.810519 1.65241 -3.66323
-2.10133 -1.29889 -3.27289
3.70752 1.27936 1.19269
-2.98938 -2.8016 0.141762
-1.14849 3.43278 -1.92654
3.71706 -0.971716 1.43243
-3.50278 -1.66195 1.3316
1.42092 3.49442 1.6074
1.13986 -3.54587 -1.71323
-0.841017 1.93723 -3.51387
-2.51054 2.85165 1.53944
3.1824 2.51522 -0.600059
-1.96768 -3.56003 0.514506
-3.93921 -0.608538 -0.963689
1.75317 -1.56387 3.36055
1.95631 -3.59766 0.21128
1.83948 0.381647 -3.64346
-3.26368 -2.06847 1.37195
-2.54714 3.21064 0.100319
3.15826 0.447986 2.57482
-3.31967 -2.4039 0.112461
-1.02172 3.89035 0.796764
3.69613 -1.41607 -1.06827
2.78638 1.48649 -2.61373
2.23007 -2.38508 2.47848
-3.43993 2.13628 0.640244
-2.61629 2.29254 2.1702
2.49737 -1.52934 2.86986
0.272536 2.99193 2.79103
0.738888 -3.29559 2.32589
1.77997 0.866781 3.59041
0.380482 3.29017 2.41682
-1.39694 -3.63681 1.27627
-1.94064 0.651105 -3.55336
-2.6186 -2.3883 -2.06079
-3.60177 -0.474322 -1.90179
-2.1337 -3.36996 0.949289
3.93989 1.06055 0.400162
-1.22411 -2.28984 -3.17218
3.84359 -1.40814 -0.230094
-0.514552 -4.05185 0.360049
3.87727 -1.19679 0.591313
0.629184 0.3676 4.03547
1.38074 3.69056 -1.13437
2.75682 1.62121 2.56439
-3.13593 1.44239 2.21177
-2.16205 3.48333 -0.0866396
-3.44268 -2.16569 0.521337
2.60933 -3.12115 0.512679
1.49815 3.64346 1.13346
-2.09157 3.48076 -0.563393
-1.55102 -3.77738 -0.375744
-1.88197 3.01584 2.04165
-1.78149 -3.61151 -0.768012
2.39073 2.48887 2.21244
3.85466 -0.501183 1.3042
1.13964 3.84733 0.844879
-3.51322 -1.31002 1.65832
-0.80957 -1.19121 3.83891
0.582986 -2.74441 2.98914
2.14205 1.5194 -3.14781
0.291281 0.0478259 4.08924
3.40416 0.190532 2.27694
-2.42526 -1.87659 -2.72195
1.0006 2.40571 -3.16527
-0.603951 1.20806 -3.87184
-3.70194 -1.44041 -1.01588
3.54451 -0.851701 -1.87683
-3.04086 1.10803 2.51625
0.949806 2.02132 -3.43919
-4.05682 0.590567 -0.0745505
-0.42702 -0.536033 -4.04303
3.16967 2.49105 0.745453
-3.58399 1.89409 -0.611157
-0.475172 -1.00944 -3.94449
-2.22661 3.33325 0.859508
3.44233 0.426384 -2.18632
2.95129 -1.21239 -2.57411
2.28795 -2.71659 -2.0496
-2.52973 1.9694 2.55573
-0.655925 -2.31308 3.32075
3.4779 -1.61764 -1.44858
0.505211 -4.057 0.316806
1.75528 3.61039 -0.833735
-1.59805 -3.12665 2.11567
-0.362715 -2.90214 2.87279
1.40136 -3.81555 -0.530234
-3.01216 1.64016 -2.24575
1.09111 -0.579564 3.90888
-3.09014 -0.573701 2.63189
-2.78689 -2.95441 0.563513
0.1971 2.62475 -3.14333
3.40621 0.630528 2.19309
3.64828 1.7479 -0.666178
0.643579 2.72033 2.99883
-0.950528 2.32655 3.23903
-1.16829 -0.857876 3.83448
-0.493875 1.66525 -3.71346
-1.11487 0.382714 3.92622
-2.77364 1.44869 -2.64877
2.65412 -2.62361 -1.69674
3.12913 2.63564 0.266083
2.6131 -2.36081 -2.09878
3.35776 1.97027 1.28402
3.36921 1.08393 2.07051
-3.77202 1.28079 0.96883
1.48384 -3.30834 1.91468
1.09622 2.74041 2.84475
-3.46197 1.94506 -1.01759
2.44097 -1.77368 -2.77582
-3.4227 0.459564 -2.21105
0.167192 -2.87159 -2.92173
4.09727 -0.0744594 -0.142722
3.07217 2.70884 -0.176051
3.07591 1.3775 2.33408
2.56893 0.308703 -3.18055
0.676613 1.21338 -3.85723
0.909651 -2.97149 2.67343
3.14683 -2.50107 0.810694
-1.15108 0.546596 -3.89742
3.44432 -2.09681 0.745049
2.59995 2.5704 -1.85632
1.46923 -2.74812 -2.66557
-3.94376 0.0145524 1.12249
3.11759 -2.66353 -0.0293345
-2.65703 1.88734 -2.48699
0.97138 2.39284 3.18369
-1.66603 3.672 -0.740307
3.56255 1.18392 1.64699
-2.42895 -3.29191 -0.264947
-1.2833 -1.86804 -3.41597
0.343403 -3.86819 -1.31317
0.301659 4.02242 0.735222
-2.57658 3.1367 0.580205
0.437864 2.00149 3.55115
-2.97863 -2.08187 -1.89978
-3.26502 0.0824748 -2.47749
1.00481 -3.96395 0.303967
-0.768242 0.244687 -4.02001
2.13878 -0.387696 -3.47581
1.36873 -2.81642 2.64726
-3.73344 0.79319 -1.49953
3.25373 -2.0687 -1.39572
3.8394 0.321833 -1.40379
3.95725 -1.06223 0.13264
2.79096 -1.65384 -2.50617
3.50552 -0.23049 2.11495
0.291642 -4.02256 0.737113
-0.293795 -4.08913 -0.0762425
0.926969 3.28359 -2.27445
2.57724 0.444956 3.15803
-2.7432 -0.570675 2.99406
-3.71711 -1.23443 1.20975
-3.9373 -1.11897 -0.245484
-0.970954 3.97128 0.315083
-1.74243 3.70091 -0.269805
3.56239 1.10249 -1.70257
-0.672753 3.24888 2.40863
-1.60083 2.05626 -3.16595
3.31053 -1.53605 1.8683
-0.495254 1.09974 3.91825
-1.69342 -3.62374 0.902205
0.968584 0.735927 3.91476
1.84286 2.3438 2.81334
1.82787 -2.42886 -2.75155
0.509378 -2.24811 -3.39043
4.0767 0.38919 -0.186047
2.43678 1.72731 -2.80837
2.19409 1.07223 -3.29312
-3.07886 2.14041 -1.65854
-1.63981 -0.922803 3.64329
-0.704311 3.50174 -2.01258
-3.17583 1.73613 1.92439
1.28935 -0.771548 -3.81471
1.06415 3.72841 1.33425
-1.94138 -3.1503 1.76386
3.57729 -1.98232 0.293084
-3.6508 1.85977 -0.144247
0.294354 -3.70619 -1.72766
2.82612 -0.459194 -2.93367
1.65316 -2.98924 2.26845
1.03213 -2.70151 -2.9073
3.955 0.522996 -0.949076
1.68704 -3.73266 -0.166206
-2.24309 2.3724 2.48015
-3.55022 1.32327 -1.56702
-3.41169 -2.2378 -0.405519
-0.729754 -3.95661 0.787011
-0.486951 2.2449 3.39575
0.0941737 -3.61571 1.92939
2.79117 3.00252 0.0833186
-2.94889 0.180969 -2.84169
-0.811926 0.743865 3.94862
-1.503 -2.78215 -2.60917
0.509813 -0.174934 -4.06376
0.15442 0.524752 4.06271
-3.1163 -2.57854 -0.670905
0.116451 3.82068 -1.48176
-1.47542 3.54199 1.4446
-1.74691 0.799648 3.62139
-0.444352 -1.92983 -3.58937
2.89818 2.83714 0.597368
-2.63461 0.229138 -3.13296
-1.81345 -3.32921 -1.56032
2.89598 -1.9535 -2.14637
-2.70532 0.661355 -3.00938
1.39953 3.2634 -2.04983
-0.706942 2.35054 -3.28336
0.0383346 -0.347714 -4.08461
3.37872 -0.556291 -2.25514
-1.74567 1.60127 -3.34708
-3.90453 0.694693 -1.03786
-0.016447 -0.815206 -4.01775
2.31378 -2.9672 -1.62864
-3.96962 0.460227 0.9148
0.57005 -3.89404 1.14755
0.483397 4.00359 -0.743847
-2.25448 -3.13333 1.38312
-2.21484 -3.44774 0.121215
3.2976 1.41142 -1.985
1.05389 -2.60647 2.98479
3.41491 -2.26769 -0.100812
-0.00164988 -4.08717 0.329296
3.89713 -0.85189 0.94979
-2.78855 -1.56437 -2.56671
1.90357 -0.617461 3.57923
0.839655 1.20472 3.8284
-3.44686 2.21355 0.165879
0.108482 -2.84381 2.95034
0.341203 -3.77963 1.54982
1.78835 1.37103 -3.4255
1.36427 -0.298541 -3.85546
-0.072226 -4.06739 -0.515618
2.62993 2.07692 2.36176
2.11005 1.92027 2.94405
0.825773 4.01648 0.0448054
1.68287 -1.63565 -3.36238
-2.86359 -0.996308 2.76039
2.18262 3.06568 1.62548
1.41127 2.39455 3.01366
3.50058 2.09563 -0.41138
-0.842886 3.95853 -0.660263
-4.08727 -0.277155 -0.168457
0.524809 2.35231 3.31586
3.97347 0.0282753 -1.01065
0.560054 2.33732 -3.32066
-1.90746 2.71742 2.40594
1.85797 3.18059 -1.80123
1.51338 -2.4283 2.93689
3.47939 -2.09452 -0.564734
2.24099 3.22398 1.17813
-3.17747 -2.15604 -1.43817
-1.99406 0.355345 3.56401
-2.72657 -1.98901 -2.32854
3.68692 -1.66024 0.679264
0.215813 -4.09346 -0.105168
-3.6336 1.71667 0.809264
-0.733524 3.69377 -1.62232
1.873 0.390123 3.62554
-0.573992 -4.03081 -0.483765
-0.751128 -2.66283 3.02505
1.84621 3.38391 1.39867
-2.07585 2.5331 -2.46774
2.12391 3.20685 -1.41778
2.44804 1.85047 2.71893
0.760744 3.99209 0.544974
-2.53717 -3.06855 0.980269
-2.46351 -0.992602 -3.12385
1.90819 3.50874 0.923541
3.27927 2.04392 -1.36854
-0.60973 2.97424 2.75656
-4.07945 0.186351 -0.37073
0.236621 3.90796 1.21968
2.52018 1.27052 -2.97353
-3.29268 -1.74653 -1.70892
-2.91344 0.719634 2.79246
-3.25575 -1.36898 2.08383
-2.8009 1.53785 2.56846
1.28087 -3.83034 0.706307
-2.94719 -1.40106 2.48247
1.81095 -2.62008 2.58271
0.943164 3.87819 -0.93817
2.24654 2.17898 -2.64775
-1.11222 -3.73724 -1.26803
1.93075 -3.03371 -1.97099
-1.57164 -3.58576 -1.21531
1.47554 -0.854063 3.72916
3.86345 1.26932 -0.5186
-1.29371 0.79725 3.80754
3.14591 2.32664 1.22436
-3.11031 -1.22328 -2.37505
-1.73479 2.02015 3.11814
-1.70621 -1.59056 -3.37213
3.2822 1.55039 1.90707
-3.05763 -0.298049 -2.71409
-3.57094 -1.86148 -0.768739
2.32898 -2.87516 1.76586
-4.09672 0.127095 0.12718
-0.133666 -3.80459 1.52089
-2.48751 3.23654 -0.381602
0.559898 -3.56258 1.94913
3.27229 -1.0386 -2.24277
2.8831 0.0262721 -2.91507
1.77744 -2.03496 -3.0842
-1.14716 1.59041 3.60024
-0.602274 2.63026 3.0863
-2.84951 2.6676 1.25398
-2.56002 0.755436 3.11272
4.03764 0.0990945 0.707091
3.98718 -0.711329 -0.63523
-2.99159 -1.78493 2.16312
0.61653 3.7577 1.52075
0.335028 1.31687 3.86901
-1.1375 -2.39645 3.12525
2.24125 -3.35665 -0.718509
3.64237 0.617165 -1.77851
-3.83287 0.836548 1.18934
-0.316499 -1.08036 3.94325
2.61129 -0.577106 3.10841
-3.43742 1.38356 1.75551
-1.16584 2.19393 -3.26142
1.16302 -1.19741 -3.74473
0.712063 -4.03673 -0.10716
-2.40052 -3.27952 0.544532
3.40526 -1.33252 -1.85302
3.19051 -0.985755 2.38021
1.29762 -1.77472 3.46079
3.52416 -1.7663 1.12778
2.53112 -0.180784 -3.22063
1.64399 3.75385 0.138155
0.145891 1.74498 3.70688
-1.85345 3.472 1.14871
-3.39898 -0.549124 2.22646
2.8602 0.704196 2.85266
-0.658624 1.5321 3.74556
2.79926 1.18802 2.75117
2.19908 0.0998137 -3.45805
0.146853 -3.98778 -0.943697
-2.56167 1.17071 -2.9799
-2.19958 -3.38831 -0.700537
-3.38486 2.03007 1.10874
0.42653 3.25687 -2.45282
1.77504 3.45335 -1.31785
1.06744 0.261391 3.9494
-0.447165 4.05912 -0.367089
-1.83855 3.59998 0.681505
-2.29001 0.914136 -3.27592
1.28729 -3.57823 1.53443
1.06447 0.914636 -3.8515
-2.88527 2.04241 -2.07562
0.707621 -2.36548 3.27374
-0.198743 0.188873 4.0905
1.2724 2.02888 3.32784
3.20807 -2.50525 -0.495419
-2.72632 -0.213107 -3.05415
3.12762 0.922115 2.48505
2.61643 -3.05267 -0.805769
1.33284 3.823 -0.649019
-2.31702 1.20155 3.16106
2.97 2.32246 -1.61239
1.98292 3.56259 0.424374
-3.65159 0.32772 1.83443
-3.85854 -0.440809 1.31549
3.20987 -1.79824 -1.80989
1.57189 3.73285 0.638771
1.76526 3.20587 1.847
3.13769 2.02959 1.68834
1.70954 3.70994 -0.353028
3.94118 0.462465 1.03389
-1.94816 -2.14844 2.89918
0.335575 1.52715 -3.78931
-0.931815 -1.61961 3.64993
-3.98948 -0.783622 0.531112
-0.887904 -1.68602 -3.63097
3.62839 1.83115 0.535504
-1.59602 -2.42389 -2.89562
-1.13827 3.67254 -1.42341
2.97509 1.83864 2.14109
-1.2251 -3.82103 0.84123
0.655318 -0.731171 3.98112
2.49962 2.69735 1.81106
2.89558 0.517058 -2.8567
1.12075 -3.31402 -2.13777
3.79536 -1.53651 0.224195
-4.00933 0.649646 -0.563303
1.00329 3.51597 -1.85654
-1.58463 -3.23654 -1.95444
-2.02222 1.8726 -3.03626
-1.47905 2.72083 2.688
3.43202 -0.690016 2.13339
2.86543 2.49114 1.54877
3.65053 -1.14017 -1.47814
-3.78912 1.48999 -0.484176
-1.08019 -3.60234 1.6319
-1.50695 -3.78537 0.461745
3.67827 1.26419 -1.29537
-3.66806 1.79995 0.333222
2.95655 -2.23263 -1.75543
-3.36266 -1.31106 -1.94609
-0.229853 0.906166 -3.99146
-1.18005 -3.35605 2.0374
0.863042 3.32061 2.24588
-1.86316 2.90266 -2.21742
4.0856 0.237067 0.247334
-4.03335 -0.738177 0.0411761
1.34015 -2.00173 -3.31849
2.09364 2.86867 2.04769
2.12376 -3.49753 -0.249167
-0.267495 2.51056 -3.23037
-1.41465 -1.7023 3.45215
-0.11462 -3.62784 -1.90591
-2.20811 3.4334 0.390108
-2.2156 3.18962 1.31387
0.872439 1.99099 3.47591
0.306596 2.96685 -2.81299
-3.84127 1.4355 0.0173917
-0.173628 2.87413 -2.91867
-2.94813 -0.145154 2.84598
2.92606 -0.30442 2.85462
3.15643 -0.26196 -2.60463
-4.00167 0.243445 -0.862214
2.86477 1.00546 -2.75635
0.574634 -2.62646 -3.09557
-1.99112 -2.51382 2.55495
0.692055 3.90592 1.03982
2.56315 0.79667 -3.09862
-3.005 2.61682 -0.963459
-2.42535 -0.529002 -3.26214
-3.19498 -0.979597 2.37567
-2.41799 1.66061 -2.86342
-1.01642 2.56935 -3.02815
3.61973 0.244904 1.90939
-3.56042 -1.38427 -1.48943
-3.13724 -2.58154 0.551637
-3.38331 -0.857507 -2.15193
-3.29962 1.8734 1.55121
0.223694 -3.19483 -2.56086
0.711062 -3.53508 -1.95022
-1.10187 3.55053 1.72838
3.86116 -1.19907 -0.678119
0.555702 3.49226 -2.07471
-0.539898 -0.238443 4.0574
1.54351 -3.52025 -1.42522
-3.67786 -1.56717 0.908306
-1.29566 -3.89067 0.0170384
-0.900959 -1.21884 -3.81024
-0.929724 -3.80678 1.20546
2.16827 2.80019 -2.06692
-0.572232 3.07448 -2.65232
2.61235 3.12174 0.48704
0.105073 -2.50957 -3.24124
-2.43797 1.59993 2.88301
0.748735 3.04305 2.64267
-2.15107 2.01534 2.85025
0.445284 -0.638828 -4.02519
-0.33715 3.43486 2.21188
2.40599 -3.17647 0.966739
-3.91188 -1.20175 0.253294
-2.8763 2.54671 -1.43172
-0.0477746 -1.81493 3.67647
0.73249 -0.180515 4.03042
-3.79861 -0.545637 -1.44527
-3.32829 1.29002 -2.01694
3.30366 -1.85845 1.56199
-0.899688 -3.62224 -1.6956
-0.826076 -2.97899 2.69226
-3.35829 1.05514 2.10299
-1.06419 3.75034 1.26874
-3.97411 0.985533 0.215881
1.42798 3.48812 -1.61558
-1.26988 -0.445871 -3.87296
0.930889 -1.51303 3.69582
-2.73035 2.51637 1.73976
-3.00019 -2.13977 1.79912
-2.65776 2.89885 -1.15646
-3.79322 -1.55442 -0.0232975
3.9266 -0.0241779 1.18014
-0.334689 3.85648 -1.35311
2.53994 -2.07377 -2.46055
-1.66667 -2.0248 -3.15219
-0.112922 -3.85332 -1.39721
1.49272 -3.80959 0.270614
-3.46149 -1.81468 -1.24123
0.908142 -3.96386 -0.517749
-0.197539 2.52456 3.22428
-3.08153 1.24838 -2.39871
1.52067 -3.678 -0.981811
2.45314 -0.665519 -3.21779
1.16123 1.56042 3.61008
0.731831 -3.74328 -1.50288
-3.55013 1.60179 1.28041
1.54884 1.6976 3.39451
0.817769 -3.70561 1.55437
0.0768612 3.49929 2.13429
-3.22138 -2.34632 0.965353
3.59964 1.96122 0.0635433
4.05126 -0.263202 -0.576334
3.40856 2.1138 0.849725
-3.31928 -2.21554 -0.940663
2.41082 1.45465 2.9812
-1.14286 -2.67777 -2.88636
0.909757 -0.478467 -3.96865
-2.39802 0.329804 3.30999
-1.64399 3.2195 -1.93366
2.89258 2.69562 1.08412
2.86488 -1.26005 2.64948
-1.40049 2.37515 3.0352
1.0271 -3.45901 1.94585
1.73924 2.9528 -2.25213
-1.99847 3.42713 -1.03315
2.13864 -1.64261 -3.08854
-1.9942 0.155806 -3.57956
-0.549283 -1.92936 3.57582
2.282 3.33123 0.706351
-3.76169 -0.0792766 -1.63041
-3.40476 1.79304 -1.41674
3.4607 -1.09601 1.90745
0.191382 3.64898 -1.85875
-3.53973 -0.00501359 -2.06937
0.336918 -2.09916 3.50657
-0.0550246 -1.71489 -3.72319
3.99825 -0.380029 0.82483
-3.87573 1.10677 -0.753999
-1.51297 -2.09613 3.1829
1.30923 1.06696 3.73608
2.07139 1.9278 -2.96643
2.08237 -1.77924 3.05107
-1.0683 1.03025 -3.82234
1.75294 -3.64802 0.660093
2.6582 -2.85562 -1.2631
-1.4186 2.48763 -2.93521
-1.0294 -0.427603 3.94523
3.9714 -0.973217 -0.29179
-2.84843 2.94235 -0.192846
-1.45356 3.70679 0.976472
-3.88369 -0.825576 1.02007
-0.450833 -3.17706 2.55086
1.40477 2.44924 -2.9721
-1.93732 -2.54757 -2.56216
2.22937 -2.42618 -2.43939
3.40324 2.25239 0.385968
2.34317 -1.14364 -3.16354
1.9809 -3.43515 1.04422
-1.81211 -2.90064 -2.25976
-2.32736 0.452734 -3.34468
-1.31028 -1.41497 -3.61744
0.090077 2.24072 -3.43202
1.52827 -3.64128 1.10255
2.06355 3.54147 -0.0642769
-2.04105 1.62793 3.16213
4.07926 -0.250563 0.32972
3.65709 -1.84431 -0.166596
-2.27648 3.13704 -1.33478
1.25825 -1.58003 -3.56862
1.20693 -3.91607 -0.119606
2.23974 2.25065 2.59332
0.886477 3.97792 -0.452086
2.07367 -2.77615 2.1912
0.523357 3.55117 1.98244
0.59286 3.70796 -1.64549
2.12842 3.46491 -0.529093
1.65517 1.3087 3.51594
0.364675 4.07677 0.240722
1.54284 2.71237 2.65912
0.22358 -2.49001 3.2505
1.39693 -1.32218 3.62087
-3.84871 -1.21779 0.713371
-2.34114 -2.17587 2.56827
-2.34674 -2.2836 -2.46622
-1.39549 -3.09375 -2.29917
-1.0585 -3.03382 -2.54607
-2.6324 -2.81167 1.40551
-0.369886 -0.0545527 -4.08255
-0.280044 3.66377 1.81736
-1.46062 1.2137 3.63321
3.75211 -0.139935 1.64759
-2.76962 0.301598 3.00693
2.30301 -3.17997 -1.1831
-1.02006 -3.95061 0.405597
0.231454 1.06777 -3.95161
-1.51686 0.844411 -3.71468
-2.30687 2.69058 -2.06249
-0.567099 4.01451 0.613391
-2.35924 -0.0547416 -3.35224
-0.178271 2.87338 2.91866
2.81874 2.15854 -2.05231
-1.36552 3.86646 0.0199349
1.74293 1.82236 -3.23231
-0.718176 3.51476 1.98383
-3.27043 -0.151364 2.46773
-1.46982 3.46877 -1.61755
2.79837 -2.86287 0.886305
0.0320148 -2.12042 -3.50848
4.05176 0.232816 -0.579197
-2.22559 -2.66384 -2.18124
-0.877597 -0.735122 -3.93643
-2.17781 3.00555 1.74015
3.12472 -1.41788 2.24429
-1.30382 -0.938408 -3.77297
1.05577 -3.79579 1.13677
3.07739 -0.744444 -2.60495
-3.40063 0.259034 2.27455
2.91997 -0.789722 2.76774
4.0342 0.724974 0.0778013
0.632511 -2.97169 -2.75347
1.20576 -3.16316 2.31352
-3.30981 2.29701 -0.759641
-0.372676 2.09868 -3.50208
1.95575 -2.21245 2.84492
-2.19671 -0.101066 3.4607
1.11619 2.75231 -2.82589
-2.03853 -3.01988 -1.87909
-1.5857 -2.46541 2.86588
3.53665 1.7344 -1.135
3.93837 -0.448415 -1.04868
0.425732 4.07057 -0.255484
-0.910684 3.99426 -0.172047
2.43042 2.4004 -2.26861
0.0351199 2.2059 3.45633
-1.94276 -0.523896 3.57237
1.6041 -1.13934 -3.59737
-1.99124 -2.85022 2.1738
-0.406636 3.37495 -2.29295
-3.99749 -0.383261 0.829487
-2.01602 -3.38313 -1.13895
-0.0734489 -1.26297 -3.89971
2.56557 2.88235 1.38504
1.84063 -1.0993 3.49514
-2.97087 -2.45419 1.40171
-3.66752 0.394103 -1.79095
-3.66087 1.19115 1.40965
2.17289 -3.17602 1.41548
2.00768 2.56804 -2.48791
2.7293 -0.932045 -2.9135
2.45839 -2.53187 2.08558
-3.10614 0.277048 2.66072
-3.10403 2.63396 -0.482395
1.84642 0.873956 -3.55421
3.20434 -0.0533105 2.55612
1.54277 -0.382589 3.77923
3.62009 0.722617 1.7855
-1.60811 2.73779 -2.59446
-1.8465 3.28926 1.60558
0.318258 -1.4867 -3.8073
-2.65619 -2.82173 -1.33732
-0.0199648 -3.16086 2.61031
-2.00198 -3.56354 -0.315278
1.64247 -2.00856 3.17561
-2.08215 -0.963713 3.3983
-1.83565 2.38823 2.78187
1.94246 -3.26651 -1.53935
-1.56568 0.375671 3.77036
-1.06786 -3.35551 -2.10135
0.976358 3.55046 1.80335
3.83023 -0.165182 -1.45414
-2.91983 0.970486 -2.70903
-3.10232 0.544029 -2.62551
-3.95412 1.05055 -0.273168
-0.0679374 3.18389 -2.58167
2.58073 -1.38512 -2.86859
-0.849635 -3.91431 -0.872734
1.92055 -3.45468 -1.08866
-2.80883 -1.12096 -2.76924
-2.63701 -3.13766 0.122481
-1.84847 2.31923 -2.83101
-0.628282 -3.74423 1.54684
1.51703 -3.05434 -2.27721
-0.984656 1.17531 3.80219
2.4802 3.25633 -0.241891
2.79845 -2.26658 1.95845
-0.264598 -2.58015 3.17497
1.27759 3.02067 -2.4612
3.80443 1.51251 0.227899
-1.20858 -2.74301 2.79652
3.66469 0.129166 -1.83486
0.0997309 0.12498 -4.0973
2.24905 -0.847257 3.32189
-2.02623 -2.16202 -2.83422
3.87688 0.975234 -0.909897
0.967944 -2.32955 -3.23282
0.680949 -3.27583 -2.3702
-4.04481 0.52555 0.419949
-2.28614 -1.79338 2.89324
2.22075 0.589358 -3.39642
3.17312 0.721448 -2.49484
-3.24236 1.71216 -1.83502
0.448647 -1.67522 3.71566
1.92015 -3.1121 1.85363
-3.57545 -2.00553 0.0780214
-0.509021 4.06655 0.125677
1.02331 -1.05154 3.82876
-0.140924 3.20518 2.55391
0.166422 3.73275 1.68647
-2.58812 -0.126159 3.17741
-3.9347 0.911028 0.70344
1.11206 -3.84865 -0.87107
-1.61613 -2.81246 2.50682
3.84627 -0.930298 -1.07522
0.274436 -3.47215 -2.16241
-0.634143 -3.83826 -1.29421
2.59687 3.03165 0.93553
-4.04 -0.215867 -0.669409
-1.10365 3.29798 2.17088
-3.48772 -1.94811 0.920073
-3.86152 0.317006 -1.34301
-3.40535 2.26402 -0.304723
-2.68375 -2.51278 1.81604
1.79456 -0.111434 -3.68509
2.49127 3.03584 -1.1768
-3.52593 0.874227 -1.90223
1.79937 2.27387 -2.8989
-1.64358 -0.147117 -3.75371
-0.0414182 4.09967 -0.0637686
-3.06705 -1.66371 -2.15369
-2.69514 1.1627 2.86219
-1.90561 1.21949 3.41875
-2.08572 -0.832997 -3.4309
-3.64197 -1.8529 -0.331522
1.97347 2.63401 2.44431
-0.633867 2.74907 -2.9743
-1.76824 -3.69916 0.0736945
-0.77528 3.86016 -1.14596
-4.07369 -0.332298 0.331731
0.434833 -4.04028 -0.547806
1.02581 0.461157 -3.94192
0.772311 -1.46192 -3.75253
-1.42436 1.31825 -3.61186
2.84739 2.80832 -0.904427
2.88748 -2.88056 -0.4195
4.05971 -0.566813 -0.0931799
-0.201912 -0.633361 4.04536
-0.673915 3.73579 1.54888
-2.04081 -0.349384 -3.53836
-1.68667 -0.646557 -3.68138
-2.80892 -2.85643 -0.868413
-3.2006 2.24625 -1.2308
4.01744 0.590931 0.562809
-0.270452 -3.42338 2.24083
-3.0122 -2.52668 -1.16151
-1.09342 2.88916 -2.69636
1.20986 3.90274 0.344416
2.82962 2.93424 -0.441814
-0.328071 0.655536 4.03365
2.38301 -3.33405 0.131881
-1.21914 3.79929 -0.942164
-0.271131 3.65544 -1.83821
-2.89555 2.79784 0.769944
2.50684 3.16354 -0.717046
-2.97071 2.13503 1.8504
3.78285 0.824485 1.34699
1.4295 0.587097 3.79794
3.54675 -1.4178 1.4923
-1.57456 3.5923 -1.19376
-0.484951 -1.481 -3.7917
-2.19798 -1.38832 3.17119
-2.26835 2.11334 -2.68364
-3.77795 -1.00084 -1.23995
-3.1082 -0.766698 -2.56211
3.75114 1.63779 -0.232469
0.433154 -1.85528 -3.63016
1.08316 -3.0316 -2.53917
3.09298 2.44557 -1.12402
0.45521 1.95108 -3.57683
-0.912455 3.23497 -2.34923
1.58971 2.69572 -2.64811
3.02321 -1.88151 2.03386
3.73815 -1.31601 1.0517
-2.32932 -2.85182 1.80387
1.71758 -0.612748 -3.67294
1.27541 3.89417 -0.156137
-2.39902 3.21082 -0.861828
2.18297 -1.32513 3.20851
-1.04248 -2.02246 3.41139
2.78359 -1.70824 2.47996
0.660039 1.62475 3.7055
-2.71013 2.4415 -1.87116
1.21341 3.04074 2.46892
-0.838007 -2.12407 -3.40616
2.2053 0.671051 3.39104
2.04396 -0.864009 -3.44752
0.677798 -3.91961 -0.995923
2.51031 0.956038 3.09794
-2.50316 2.81167 -1.62247
-0.459982 -3.71546 -1.67114
-2.87233 1.87591 2.24477
-4.05136 0.0681141 0.626949
-2.893 2.89035 0.288103
1.45977 0.661769 -3.77346
-3.834 1.36527 0.502418
-3.92962 -0.149544 -1.1614
-3.5534 -0.11619 2.04101
2.94543 -2.56362 1.24866
2.3773 3.3336 0.208011
-0.370115 -2.34082 -3.34513
3.18827 0.228568 -2.56767
3.15424 1.88723 -1.81732
2.99028 1.69976 -2.2317
3.74288 1.40475 -0.906526
0.974176 -0.00607175 -3.98227
3.11665 -1.5049 -2.19795
-0.829364 -0.24647 -4.00839
2.97808 -2.48383 -1.33281
-2.76948 2.94579 -0.676491
-3.89074 -1.05285 -0.752616
2.57292 -1.0635 3.01036
0.788224 3.02449 -2.6526
